%YAML:1.0
---
Cam_Mat: !!opencv-matrix
   rows: 3
   cols: 3
   dt: d
   data: [ 1.715e+03, 0., 3.20e+02, 0.,
       1.715e+03, 2.40e+02, 0., 0., 1. ]
Distortion: !!opencv-matrix
   rows: 1
   cols: 5
   dt: d
   data: [ -4.7977911869704049e-01, -7.6964707682507416e-01,
       5.7197142587322937e-04, 2.6630890687648508e-04,
       2.8696490515839066e+01 ]
