%YAML:1.0
---
intrinsic: !!opencv-matrix
   rows: 3
   cols: 3
   dt: d
   data: [ 1.1455693995092104e+03, 0., 3.2801035233538227e+02, 0.,
       1.1439544498210364e+03, 2.2231991812507096e+02, 0., 0., 1. ]
distortion: !!opencv-matrix
   rows: 5
   cols: 1
   dt: d
   data: [ -2.5682180193349419e-01, 1.5054536777428597e-02,
       -1.3430030939149404e-03, -1.4310280285310319e-03,
       2.0737384869053765e+00 ]
