%YAML:1.0
---
intrinsic: !!opencv-matrix
   rows: 3
   cols: 3
   dt: d
   data: [ 1.1452234557626041e+03, 0., 3.2894521658767462e+02, 0.,
       1.1436000073780870e+03, 2.2215976414656751e+02, 0., 0., 1. ]
distortion: !!opencv-matrix
   rows: 1
   cols: 5
   dt: d
   data: [ -2.5755079393383939e-01, 4.8841984643557865e-02,
       -1.4097511534855221e-03, -1.5437076285687529e-03,
       9.0765288378756315e-01 ]
