%YAML:1.0
---
intrinsic: !!opencv-matrix
   rows: 3
   cols: 3
   dt: d
   data: [ 7.1141771707234784e+02, 0., 3.0716913060476247e+02, 0.,
       6.8367987042898574e+02, 2.6314196704616546e+02, 0., 0., 1. ]
distortion: !!opencv-matrix
   rows: 1
   cols: 5
   dt: d
   data: [ 1.3722824898877706e-01, -8.1357933176804831e-01,
       8.8656981720449286e-03, -1.0866584365215563e-02,
       2.3104975147296773e+00 ]
