%YAML:1.0
---
intrinsic: !!opencv-matrix
   rows: 3
   cols: 3
   dt: d
   data: [ 7.1726018105140440e+02, 0., 3.1473072253617124e+02, 0.,
       6.9081480110453720e+02, 2.5717846431800609e+02, 0., 0., 1. ]
distortion: !!opencv-matrix
   rows: 1
   cols: 5
   dt: d
   data: [ 1.2079616392478788e-01, -9.6216383559390795e-01,
       7.1220717806015207e-03, -2.3268231072174099e-03,
       3.1387966346249629e+00 ]
