%YAML:1.0
---
Cam_Mat: !!opencv-matrix
   rows: 3
   cols: 3
   dt: d
   data: [ 6.7741251774486568e+02, 0., 3.2312557438767283e+02, 0.,
       6.8073800850564749e+02, 2.2477413395670021e+02, 0., 0., 1. ]
