%YAML:1.0
---
R1: !!opencv-matrix
   rows: 3
   cols: 3
   dt: d
   data: [ 9.9996299809299027e-01, 6.2745107932939796e-03,
       -5.8849774157017695e-03, -6.2745968260907031e-03,
       9.9998031451618741e-01, 3.8441049655289470e-06,
       5.8848856869522098e-03, 3.3081897887878879e-05,
       9.9998268336308693e-01 ]
R2: !!opencv-matrix
   rows: 3
   cols: 3
   dt: d
   data: [ 9.9995548943691770e-01, 5.9494105311872682e-03,
       -7.3228177162687220e-03, -5.9495990575957544e-03,
       9.9998230097105467e-01, -3.9609334334200107e-06,
       7.3226645442869172e-03, 4.7528586513716009e-05,
       9.9997318780305577e-01 ]
P1: !!opencv-matrix
   rows: 3
   cols: 4
   dt: d
   data: [ 1.7226935396744607e+03, 0., 3.4510966491699219e+02, 0., 0.,
       1.7226935396744607e+03, 2.4267985343933105e+02, 0., 0., 0., 1.,
       0. ]
P2: !!opencv-matrix
   rows: 3
   cols: 4
   dt: d
   data: [ 1.7226935396744607e+03, 0., 3.4510966491699219e+02,
       -3.5002096634673639e+04, 0., 1.7226935396744607e+03,
       2.4267985343933105e+02, 0., 0., 0., 1., 0. ]
Q: !!opencv-matrix
   rows: 4
   cols: 4
   dt: d
   data: [ 1., 0., 0., -3.4510966491699219e+02, 0., 1., 0.,
       -2.4267985343933105e+02, 0., 0., 0., 1.7226935396744607e+03, 0.,
       0., 4.9216867139551090e-02, 0. ]
