%YAML:1.0
---
Cam_Mat: !!opencv-matrix
   rows: 3
   cols: 3
   dt: d
   data: [ 7.070912000000e+02, 0., 6.018873000000e+02, 0.,
       7.070912000000e+02, 1.831104000000e+02, 0., 0., 1. ]
