0.999919	-0.00197135	0.0125784	0.0212119	0.00195026	0.999997	0.00168881	-0.0258489	-0.0125817	-0.00166414	0.999919	0.999441	
0.999819	-0.00385897	0.0186494	0.0935776	0.00382908	0.999991	0.00163774	-0.0458847	-0.0186556	-0.00156603	0.999825	1.99662	
0.999817	-0.00702242	0.0177758	0.21338	0.00701925	0.999975	0.000240759	-0.0513468	-0.017777	-0.000115942	0.999842	2.9894	
0.999844	-0.008732	0.0153344	0.203186	0.00876304	0.99996	-0.00195837	-0.0225019	-0.0153167	0.00209244	0.999881	3.98893	
0.999905	-0.012092	0.00667142	0.237578	0.0121138	0.999921	-0.00323041	-0.0727016	-0.00663184	0.00331092	0.999973	4.98708	
0.99989	-0.0138687	-0.00524866	0.204034	0.0138414	0.999891	-0.00520082	-0.0931697	0.00532022	0.0051276	0.999973	5.98631	
0.999654	-0.0133311	-0.0226839	0.182125	0.0132006	0.999895	-0.00589407	-0.0852049	0.0227601	0.00559259	0.999725	6.98604	
0.999066	-0.00878897	-0.0423086	0.116719	0.00852986	0.999944	-0.00630098	-0.0838957	0.0423616	0.00593421	0.999085	7.98389	
0.998118	-0.00479617	-0.06113	-0.0249392	0.00440115	0.999969	-0.00659507	-0.129976	0.0611597	0.00631362	0.998108	8.97274	
0.996664	-0.00365706	-0.0815334	-0.0977778	0.00305033	0.999967	-0.00756477	-0.13845	0.0815583	0.00729083	0.996642	9.97004	
0.994713	-0.00508645	-0.102564	-0.226353	0.00433849	0.999962	-0.00751441	-0.127219	0.102598	0.00702971	0.994698	10.9617	
0.992636	-0.00626812	-0.120975	-0.453025	0.00552044	0.999964	-0.00651467	-0.150119	0.121011	0.00579886	0.992634	11.9354	
0.990197	-0.0055943	-0.139567	-0.564447	0.0048421	0.999972	-0.00572851	-0.162731	0.139595	0.00499656	0.990196	12.9291	
0.987791	-0.00377198	-0.155741	-0.705815	0.00290759	0.999979	-0.00577766	-0.144925	0.155759	0.00525429	0.987781	13.9189	
0.985538	-0.00260542	-0.169436	-0.892721	0.00152924	0.999978	-0.00648173	-0.15563	0.16945	0.00612888	0.98552	14.9012	
0.983388	-0.0042679	-0.181468	-1.14106	0.00297916	0.999968	-0.00737373	-0.168459	0.181494	0.00671061	0.983369	15.8698	
0.98159	-0.00812907	-0.190827	-1.35285	0.00643135	0.999934	-0.00951432	-0.190546	0.190892	0.00811189	0.981578	16.8468	
0.980232	-0.00795869	-0.19769	-1.62372	0.0057148	0.999913	-0.0119185	-0.184853	0.197767	0.0105532	0.980192	17.8094	
0.978624	-0.00731177	-0.205526	-1.79932	0.00454825	0.999893	-0.0139154	-0.179089	0.205605	0.0126831	0.978553	18.7939	
0.976704	-0.00859403	-0.214418	-1.98103	0.00516808	0.99985	-0.0165334	-0.221346	0.214527	0.0150401	0.976602	19.7763	
0.974692	-0.0129644	-0.223174	-2.16955	0.00901035	0.999784	-0.0187266	-0.229316	0.223369	0.0162418	0.974599	20.7584	
0.971523	-0.0195138	-0.236139	-2.15181	0.0151035	0.999676	-0.0204714	-0.252713	0.236462	0.0163219	0.971504	21.7579	
0.969397	-0.02035	-0.244653	-2.40256	0.0151277	0.999616	-0.023206	-0.275602	0.245031	0.0187948	0.969333	22.7257	
0.967276	-0.0163882	-0.253198	-2.69382	0.00975165	0.999576	-0.0274438	-0.30516	0.25354	0.0240767	0.967025	23.6819	
0.965175	-0.0130275	-0.261282	-2.9938	0.00537186	0.999536	-0.029993	-0.356206	0.261552	0.0275449	0.964796	24.6345	
0.96227	-0.0164208	-0.271602	-3.18247	0.00764887	0.999415	-0.0333243	-0.342316	0.271991	0.0299895	0.961833	25.6164	
0.959669	-0.0183553	-0.280534	-3.42014	0.00862538	0.999319	-0.035879	-0.382156	0.281001	0.0320122	0.959173	26.587	
0.957272	-0.016841	-0.288698	-3.69195	0.00582389	0.999223	-0.0389781	-0.398066	0.28913	0.0356313	0.956627	27.5492	
0.954897	-0.016358	-0.296486	-4.02427	0.00398853	0.999098	-0.0422773	-0.440349	0.29691	0.039188	0.954101	28.4914	
0.952469	-0.0171349	-0.304153	-4.33463	0.00277979	0.998864	-0.0475675	-0.490986	0.304622	0.0444611	0.951435	29.4407	
0.950315	-0.0188531	-0.310719	-4.61845	0.0016888	0.998462	-0.0554172	-0.546334	0.311286	0.0521391	0.948885	30.3979	
0.949229	-0.019843	-0.31396	-4.96612	0.000138529	0.998035	-0.0626595	-0.647487	0.314586	0.0594347	0.947366	31.3301	
0.948001	-0.0188578	-0.317709	-5.28867	-0.00415698	0.997424	-0.0716066	-0.717408	0.318241	0.0692038	0.94548	32.2741	
0.946835	-0.0189397	-0.321163	-5.65385	-0.00742446	0.996713	-0.0806668	-0.788433	0.321635	0.0787626	0.943582	33.2023	
0.944974	-0.0180369	-0.326649	-5.93406	-0.011345	0.996072	-0.0878215	-0.864082	0.326949	0.0866949	0.941057	34.1592	
0.943376	-0.0162106	-0.331329	-6.29215	-0.0160735	0.995398	-0.094466	-0.9561	0.331336	0.0944426	0.938774	35.0884	
0.941365	-0.0155258	-0.337034	-6.60039	-0.0193552	0.99481	-0.0998877	-1.06529	0.336835	0.100554	0.936179	36.0334	
0.939761	-0.0144781	-0.341525	-6.97217	-0.023464	0.994014	-0.106704	-1.13913	0.341026	0.10829	0.933796	36.9588	
0.938098	-0.0120218	-0.346162	-7.33847	-0.0281167	0.993456	-0.110698	-1.22391	0.345228	0.113578	0.931621	37.8854	
0.935897	-0.0112501	-0.352095	-7.65057	-0.0298859	0.993351	-0.111178	-1.36453	0.351005	0.114574	0.929338	38.825	
0.933623	-0.010873	-0.358091	-8.0236	-0.0307435	0.993421	-0.110319	-1.48142	0.356934	0.114006	0.927147	39.7454	
0.931042	-0.0110508	-0.364746	-8.36963	-0.0310539	0.993516	-0.109368	-1.58272	0.363589	0.113153	0.924662	40.6782	
0.928054	-0.0109407	-0.372284	-8.70569	-0.031511	0.993678	-0.107755	-1.69825	0.37111	0.111733	0.921842	41.6129	
0.924704	-0.0106224	-0.380538	-9.09933	-0.0315924	0.994021	-0.104517	-1.81176	0.379373	0.108669	0.91884	42.5251	
0.921442	-0.00856985	-0.388422	-9.51179	-0.0322809	0.994611	-0.0985232	-1.91941	0.387174	0.103322	0.916199	43.4297	
0.918148	-0.00407396	-0.396217	-9.96193	-0.0358744	0.994986	-0.093362	-2.0328	0.39461	0.0999342	0.913398	44.3154	
0.914388	-0.000158272	-0.40484	-10.3723	-0.0393695	0.995225	-0.0893105	-2.13391	0.402921	0.0976028	0.910016	45.2217	
0.910675	-0.000313041	-0.413124	-10.7906	-0.0390307	0.995462	-0.0867921	-2.21979	0.411276	0.0951639	0.90653	46.126	
0.906755	-0.000153674	-0.421657	-11.2316	-0.0397292	0.99552	-0.0857988	-2.31825	0.419781	0.0945506	0.902687	47.018	
0.902832	-0.000372974	-0.429994	-11.6819	-0.0398416	0.995625	-0.0845165	-2.39905	0.428144	0.0934358	0.898867	47.9073	
0.899754	0.00288912	-0.436387	-12.1443	-0.0430813	0.995681	-0.0822342	-2.50927	0.434265	0.0927907	0.895993	48.7871	
0.895166	0.00443685	-0.44571	-12.5486	-0.0450869	0.995723	-0.0806408	-2.62073	0.443446	0.0922827	0.891538	49.6949	
0.891331	0.00500881	-0.453326	-13.0215	-0.0443855	0.996099	-0.0762649	-2.70419	0.451176	0.0880984	0.888076	50.572	
0.887469	0.00832706	-0.460792	-13.4684	-0.0460585	0.996434	-0.0707003	-2.79564	0.45856	0.0839677	0.884688	51.4619	
0.88342	0.00765128	-0.46852	-13.9413	-0.0438068	0.996836	-0.066321	-2.86788	0.46653	0.0791136	0.88096	52.3401	
0.879419	0.00675109	-0.476	-14.415	-0.0428681	0.99696	-0.0650597	-2.9346	0.474114	0.07762	0.877035	53.2182	
0.876125	0.00491957	-0.482058	-14.9218	-0.0407947	0.997118	-0.0639672	-2.98645	0.480354	0.0757087	0.873801	54.0787	
0.872586	0.00700133	-0.48841	-15.3809	-0.0430122	0.997114	-0.0625514	-3.06994	0.486563	0.075589	0.870369	54.9632	
0.870099	0.00797435	-0.492812	-15.8668	-0.0428714	0.997304	-0.0595553	-3.17557	0.491008	0.0729466	0.868095	55.8308	
0.867371	0.00640855	-0.497621	-16.3674	-0.041511	0.997364	-0.0595106	-3.24001	0.495928	0.0722745	0.865351	56.6941	
0.866508	0.00731019	-0.499109	-16.8813	-0.0430918	0.997255	-0.0602057	-3.32556	0.497299	0.0736763	0.864445	57.5477	
0.866579	0.00707402	-0.49899	-17.416	-0.043683	0.997137	-0.0617267	-3.37248	0.497125	0.0752885	0.864407	58.3914	
0.866479	0.0070957	-0.499163	-17.9673	-0.0434199	0.997181	-0.0611959	-3.41641	0.497322	0.0746986	0.864344	59.2245	
0.86697	0.00587555	-0.498326	-18.5548	-0.040948	0.997389	-0.05948	-3.46712	0.496676	0.0719728	0.864947	60.0321	
0.866555	0.00529202	-0.499053	-19.0174	-0.0400508	0.997456	-0.058967	-3.54723	0.497472	0.0710856	0.864563	60.9151	
0.864477	0.0018166	-0.502669	-19.5182	-0.0366487	0.99756	-0.0594223	-3.60169	0.501335	0.0697913	0.862434	61.779	
0.864919	0.00069181	-0.501911	-20.0599	-0.035201	0.99762	-0.059285	-3.68281	0.500676	0.0689445	0.862885	62.6156	
0.864189	-0.000483502	-0.503167	-20.6519	-0.0325653	0.997849	-0.0568897	-3.74015	0.502113	0.0655492	0.862314	63.4195	
0.862327	-0.00111532	-0.50635	-21.2057	-0.0296073	0.998176	-0.0526206	-3.78865	0.505485	0.0603678	0.860721	64.2507	
0.859595	-0.0016444	-0.510974	-21.7339	-0.0269933	0.998452	-0.0486232	-3.85013	0.510263	0.0555891	0.85822	65.0976	
0.855261	-0.00244499	-0.518192	-22.2446	-0.0257467	0.998553	-0.0472056	-3.8996	0.517558	0.0537149	0.85396	65.9559	
0.8501	-0.00566409	-0.52659	-22.7768	-0.0240608	0.99848	-0.0495823	-3.95921	0.526071	0.0548201	0.848672	66.8005	
0.844469	-0.0099143	-0.535513	-23.3562	-0.0217981	0.998364	-0.0528576	-4.00897	0.535161	0.0563098	0.842871	67.614	
0.837852	-0.0117641	-0.54577	-23.8968	-0.0209978	0.998333	-0.0537544	-4.04781	0.545493	0.0564983	0.836209	68.4544	
0.832301	-0.00859683	-0.554257	-24.4789	-0.0218003	0.998599	-0.0482252	-4.11554	0.553895	0.0522209	0.830947	69.2647	
0.827304	-0.00364973	-0.561743	-25.0581	-0.0252295	0.998728	-0.0436455	-4.17621	0.561188	0.0502806	0.82616	70.0776	
0.823143	-0.00348617	-0.567823	-25.6295	-0.0263287	0.998671	-0.0442987	-4.2528	0.567223	0.0514142	0.821958	70.8947	
0.819718	-0.00555809	-0.572741	-26.2124	-0.0269232	0.998474	-0.0482226	-4.3197	0.572134	0.054949	0.818317	71.7045	
0.816458	-0.00767727	-0.577354	-26.7811	-0.0296744	0.998032	-0.0552349	-4.3839	0.576642	0.0622296	0.814623	72.5245	
0.813823	-0.00918246	-0.58104	-27.3989	-0.0294251	0.997941	-0.0569846	-4.43208	0.580367	0.0634725	0.811878	73.3094	
0.810593	-0.00755775	-0.585562	-27.9926	-0.0290094	0.998171	-0.0530409	-4.49639	0.584892	0.0599814	0.808891	74.1115	
0.807741	-0.00494883	-0.589517	-28.6107	-0.0285179	0.998466	-0.0474564	-4.56155	0.588847	0.0551443	0.806361	74.8948	
0.804338	-0.00330199	-0.594163	-29.1971	-0.0287104	0.9986	-0.0444157	-4.61648	0.593478	0.0527839	0.803117	75.703	
0.80124	-0.00315943	-0.598334	-29.8027	-0.0294373	0.998567	-0.0446929	-4.67529	0.597618	0.0534231	0.799999	76.4966	
0.797535	-0.00507953	-0.603252	-30.408	-0.0289377	0.998491	-0.0466649	-4.7161	0.602579	0.0546735	0.796185	77.2916	
0.793324	-0.00792208	-0.608749	-31.0273	-0.0270993	0.998465	-0.0483097	-4.79663	0.608197	0.0548219	0.791891	78.0726	
0.788647	-0.00858145	-0.614786	-31.6227	-0.0265693	0.998493	-0.0480205	-4.87281	0.614271	0.0542056	0.787231	78.8724	
0.783515	-0.00846484	-0.621315	-32.2211	-0.0264141	0.99855	-0.0469141	-4.93935	0.620811	0.0531694	0.782155	79.6708	
0.77841	-0.00897648	-0.627692	-32.8535	-0.0259037	0.998587	-0.0464041	-4.98832	0.627222	0.052381	0.777077	80.444	
0.773325	-0.0108199	-0.633917	-33.5102	-0.0252437	0.998536	-0.0478386	-5.03905	0.633507	0.0529972	0.77192	81.1963	
0.767824	-0.0126769	-0.640536	-34.1535	-0.0235799	0.998568	-0.0480284	-5.0991	0.640227	0.0519811	0.766425	81.9596	
0.762554	-0.0135662	-0.646782	-34.8067	-0.0236296	0.998529	-0.0488033	-5.16195	0.646492	0.0524983	0.761112	82.7142	
0.756883	-0.0151048	-0.653376	-35.4683	-0.0230521	0.998494	-0.0497873	-5.22036	0.653144	0.0527448	0.755395	83.4618	
0.750739	-0.0171407	-0.660377	-36.1287	-0.0218427	0.998473	-0.0507479	-5.2868	0.660238	0.0525228	0.749218	84.2097	
0.744493	-0.0189521	-0.667361	-36.798	-0.0201845	0.998501	-0.0508734	-5.3397	0.667325	0.0513452	0.742995	84.9508	
0.738331	-0.0187699	-0.674178	-37.4884	-0.019524	0.998599	-0.0491841	-5.39127	0.674156	0.0494768	0.73693	85.6725	
0.731452	-0.0189412	-0.68163	-38.1448	-0.0191832	0.998647	-0.0483358	-5.45008	0.681624	0.0484311	0.730098	86.4245	
0.725596	-0.0211758	-0.687795	-38.8459	-0.0181074	0.998593	-0.0498472	-5.49616	0.687882	0.0486231	0.724192	87.1361	
0.720701	-0.0231735	-0.692858	-39.5937	-0.0169924	0.99855	-0.051073	-5.56664	0.693038	0.0485817	0.719263	87.7962	
0.713981	-0.0209695	-0.699851	-40.2591	-0.0207991	0.998475	-0.0511361	-5.63356	0.699856	0.0510665	0.712456	88.5398	
0.707644	-0.0202514	-0.706278	-40.9468	-0.0197288	0.998633	-0.0484011	-5.70733	0.706293	0.0481848	0.706278	89.262	
0.699235	-0.0178658	-0.714668	-41.5555	-0.0225392	0.99864	-0.0470172	-5.79028	0.714536	0.0489841	0.697881	90.051	
0.693609	-0.0183902	-0.720117	-42.2618	-0.023072	0.998594	-0.0477247	-5.8507	0.719982	0.0497168	0.69221	90.7564	
0.685991	-0.0197375	-0.727343	-42.9327	-0.0240342	0.998472	-0.0497627	-5.9175	0.727213	0.0516178	0.684468	91.4949	
0.680381	-0.0237373	-0.732474	-43.6704	-0.0227726	0.998308	-0.0535052	-5.95918	0.732504	0.0530842	0.678689	92.1688	
0.675212	-0.0222577	-0.737288	-44.41	-0.0247741	0.998296	-0.0528254	-6.04334	0.737207	0.053934	0.67351	92.8365	
0.671478	-0.0218	-0.740703	-45.191	-0.0244614	0.99837	-0.0515588	-6.09854	0.74062	0.0527393	0.669851	93.4586	
0.665373	-0.0225403	-0.746171	-45.9124	-0.0241934	0.998368	-0.0517324	-6.14842	0.746119	0.0524737	0.663742	94.1493	
0.660387	-0.0256738	-0.750487	-46.6728	-0.0222349	0.998309	-0.0537172	-6.18062	0.750597	0.0521611	0.658699	94.7979	
0.654245	-0.0265056	-0.755818	-47.4045	-0.0218779	0.998304	-0.053947	-6.24503	0.755966	0.0518303	0.652555	95.4766	
0.649159	-0.0274518	-0.760157	-48.1539	-0.021068	0.998316	-0.0540442	-6.29582	0.760361	0.0510982	0.647488	96.1367	
0.644579	-0.0260126	-0.764095	-48.8923	-0.0217213	0.998394	-0.0523128	-6.39083	0.764229	0.0503169	0.642979	96.8044	
0.639167	-0.0280903	-0.768555	-49.6203	-0.0186056	0.998475	-0.0519671	-6.49055	0.768843	0.0475151	0.63767	97.4826	
0.635136	-0.0313451	-0.771764	-50.4104	-0.0156662	0.998448	-0.0534446	-6.57219	0.772241	0.0460352	0.633659	98.0902	
0.631285	-0.0377278	-0.774632	-51.2035	-0.00939111	0.998371	-0.0562781	-6.61429	0.775494	0.0428022	0.629903	98.6978	
0.626193	-0.0410314	-0.778588	-52.0128	-0.00480964	0.998392	-0.0564833	-6.68093	0.779653	0.0391142	0.624988	99.2814	
0.61835	-0.0433197	-0.784708	-52.8038	0.000290261	0.998492	-0.0548929	-6.78829	0.785902	0.0337153	0.617431	99.8837	
0.609261	-0.0449418	-0.791695	-53.5996	0.00336994	0.99853	-0.0540897	-6.83459	0.792963	0.0302868	0.608517	100.487	
0.601	-0.0431893	-0.798081	-54.4059	0.00396231	0.998688	-0.0510616	-6.90487	0.799239	0.0275258	0.600383	101.075	
0.592558	-0.0432679	-0.804365	-55.2402	0.00367246	0.998691	-0.0510155	-6.95647	0.80552	0.0272756	0.591941	101.624	
0.584554	-0.0448982	-0.810111	-56.1086	0.00323497	0.998589	-0.0530098	-7.00841	0.811348	0.0283664	0.583875	102.117	
0.575209	-0.0464237	-0.816688	-56.9284	0.00243971	0.998481	-0.0550391	-7.07784	0.818003	0.0296665	0.574448	102.685	
0.567044	-0.0503358	-0.822148	-57.8236	0.00639078	0.99837	-0.0567172	-7.11561	0.823662	0.026907	0.566442	103.129	
0.556071	-0.0532704	-0.829426	-58.6466	0.0104809	0.998314	-0.0570906	-7.14883	0.831069	0.0230534	0.555692	103.696	
0.545683	-0.0533743	-0.83629	-59.4972	0.0116627	0.998357	-0.0561078	-7.21757	0.837911	0.0208636	0.545409	104.218	
0.536092	-0.0550551	-0.842362	-60.3759	0.013669	0.998306	-0.0565482	-7.26891	0.844049	0.0188008	0.535937	104.692	
0.52604	-0.0556975	-0.848634	-61.2241	0.0126298	0.998255	-0.0576886	-7.34069	0.850366	0.0196285	0.525826	105.217	
0.515412	-0.0563795	-0.855086	-62.0704	0.0122666	0.998217	-0.0584229	-7.40618	0.856855	0.0196229	0.515184	105.746	
0.50563	-0.0578746	-0.860807	-62.9476	0.0120443	0.998124	-0.0600321	-7.47409	0.862666	0.0199863	0.505379	106.221	
0.493986	-0.0587737	-0.867481	-63.8032	0.0121416	0.998082	-0.0607082	-7.54189	0.869385	0.0194564	0.493752	106.734	
0.483076	-0.0571659	-0.87371	-64.6625	0.0113338	0.998191	-0.059044	-7.60559	0.875505	0.0186203	0.48285	107.242	
0.475074	-0.0559342	-0.878166	-65.5442	0.0124818	0.998306	-0.056834	-7.66604	0.879857	0.0160393	0.474967	107.71	
0.470005	-0.0547061	-0.880967	-66.4335	0.0105585	0.998355	-0.0563625	-7.74344	0.882601	0.017189	0.469809	108.16	
0.460864	-0.0577954	-0.885587	-67.3079	0.0131418	0.998212	-0.0583065	-7.81306	0.887373	0.0152332	0.4608	108.641	
0.456384	-0.0611334	-0.88768	-68.2192	0.0154104	0.99803	-0.0608101	-7.88538	0.889649	0.0140732	0.456427	109.046	
0.450827	-0.0643535	-0.890288	-69.1241	0.0169316	0.997835	-0.0635535	-7.95125	0.892451	0.0135777	0.450941	109.466	
0.445848	-0.0685445	-0.89248	-70.0278	0.0196315	0.997573	-0.0668088	-8.01811	0.894893	0.0122659	0.446112	109.889	
0.440904	-0.0690963	-0.894891	-70.9162	0.0215993	0.99756	-0.0663818	-8.10168	0.897294	0.00993897	0.441321	110.341	
0.437249	-0.0666542	-0.896867	-71.8267	0.0240673	0.99776	-0.0624189	-8.18618	0.899018	0.0057075	0.437874	110.746	
0.431168	-0.0631623	-0.900058	-72.6926	0.0272474	0.998003	-0.056983	-8.27814	0.90186	4.499e-05	0.432028	111.237	
0.427578	-0.0622645	-0.901832	-73.5909	0.0290163	0.998056	-0.0551509	-8.35264	0.903513	-0.00258651	0.428553	111.67	
0.425324	-0.063467	-0.902813	-74.5067	0.031716	0.997971	-0.0552148	-8.39843	0.904485	-0.00514941	0.426474	112.069	
0.421176	-0.0616916	-0.904878	-75.3832	0.0325321	0.99807	-0.052903	-8.47772	0.906395	-0.00715606	0.42237	112.544	
0.417598	-0.058003	-0.906778	-76.2615	0.0315827	0.998284	-0.0493114	-8.59122	0.908083	-0.0080461	0.418714	113.009	
0.417158	-0.0580999	-0.906975	-77.1833	0.0331463	0.998263	-0.0487023	-8.67726	0.908229	-0.00974633	0.418359	113.387	
0.415388	-0.0571829	-0.907845	-78.0955	0.0344547	0.998295	-0.0471152	-8.76283	0.908992	-0.0117085	0.41665	113.787	
0.40971	-0.0574424	-0.910405	-78.9585	0.0378712	0.998226	-0.0459403	-8.79168	0.911429	-0.0156559	0.411159	114.292	
0.405601	-0.0569605	-0.912274	-79.8456	0.0399221	0.998208	-0.0445765	-8.84364	0.913178	-0.0183395	0.407148	114.75	
0.399084	-0.0562006	-0.91519	-80.6793	0.0398093	0.998241	-0.0439411	-8.91495	0.91605	-0.0188969	0.400619	115.298	
0.399812	-0.0562873	-0.914867	-81.6024	0.0403368	0.998226	-0.0437881	-8.99263	0.915709	-0.0193959	0.401373	115.674	
0.399465	-0.0583532	-0.914889	-82.5244	0.0414996	0.9981	-0.0455407	-9.04539	0.915809	-0.0197756	0.401128	116.058	
0.397757	-0.0598659	-0.915536	-83.4216	0.0412345	0.998027	-0.0473454	-9.08766	0.916564	-0.0189196	0.399441	116.498	
0.403235	-0.0569337	-0.913324	-84.3537	0.0380805	0.998242	-0.0454146	-9.20031	0.914304	-0.0164671	0.404694	116.842	
0.403436	-0.0594063	-0.913077	-85.2362	0.0372117	0.99813	-0.0484982	-9.22327	0.914251	-0.0144112	0.404893	117.312	
0.410412	-0.0612307	-0.909842	-86.1643	0.0366365	0.998045	-0.0506405	-9.27834	0.911164	-0.01255	0.411852	117.68	
0.412886	-0.0667844	-0.908331	-87.0453	0.0377646	0.997706	-0.0561895	-9.24768	0.909999	-0.0111028	0.414461	118.152	
0.413912	-0.0666165	-0.907876	-87.8926	0.0368909	0.997727	-0.0563904	-9.28704	0.909569	-0.0101517	0.415429	118.682	
0.423537	-0.0665423	-0.903431	-88.8183	0.0360818	0.997746	-0.0565736	-9.34179	0.90516	-0.00863642	0.424984	119.056	
0.438454	-0.071108	-0.895936	-89.7723	0.0397973	0.997424	-0.0596868	-9.368	0.897872	-0.00948595	0.440154	119.355	
0.44681	-0.0714625	-0.89177	-90.656	0.040132	0.997402	-0.0598198	-9.43291	0.893728	-0.00906045	0.448518	119.818	
0.461227	-0.0739543	-0.884195	-91.5927	0.0429163	0.997213	-0.0610205	-9.51833	0.886244	-0.00980202	0.463116	120.158	
0.472588	-0.0755633	-0.878038	-92.4824	0.041559	0.99712	-0.063443	-9.58997	0.880303	-0.00650797	0.474367	120.609	
0.48797	-0.0758072	-0.869563	-93.3586	0.0367946	0.997122	-0.0662798	-9.64636	0.872085	0.000347317	0.489355	121.087	
0.486305	-0.0746767	-0.870592	-94.0436	0.0325679	0.997198	-0.0673444	-9.6906	0.873182	0.00439654	0.487374	121.814	
0.499557	-0.072149	-0.863271	-94.92	0.0315513	0.99738	-0.0650992	-9.77288	0.865706	0.00528347	0.500525	122.289	
0.514475	-0.0694135	-0.854691	-95.8082	0.0310944	0.997573	-0.0623005	-9.86248	0.856941	0.00547597	0.515385	122.74	
0.526688	-0.0712865	-0.847064	-96.6751	0.0329159	0.99744	-0.0634752	-9.92084	0.849421	0.00554976	0.527687	123.235	
0.534727	-0.0711887	-0.842021	-97.4673	0.0311729	0.997429	-0.0645312	-9.9952	0.84445	0.00825838	0.535571	123.84	
0.543413	-0.0738033	-0.836215	-98.3031	0.0331568	0.997237	-0.066468	-10.074	0.83881	0.00839339	0.544359	124.384	
0.554315	-0.0755763	-0.828869	-99.1291	0.0359276	0.997113	-0.0668899	-10.1582	0.831531	0.00729881	0.55543	124.941	
0.565638	-0.0759744	-0.821146	-99.9613	0.0371712	0.997084	-0.0666476	-10.2378	0.823815	0.00717547	0.566813	125.49	
0.574531	-0.0727668	-0.815242	-100.757	0.0349896	0.997313	-0.0643597	-10.3243	0.817734	0.0084517	0.575534	126.09	
0.585442	-0.0706703	-0.807628	-101.582	0.0374723	0.997488	-0.0601203	-10.416	0.809848	0.00493331	0.586619	126.648	
0.595747	-0.0684128	-0.800253	-102.397	0.0359113	0.997638	-0.058553	-10.498	0.802369	0.00614464	0.596797	127.22	
0.609036	-0.0686381	-0.790167	-103.218	0.0345887	0.997599	-0.0599969	-10.559	0.792388	0.00920937	0.609948	127.788	
0.618591	-0.068774	-0.782697	-103.986	0.033296	0.997561	-0.0613388	-10.6141	0.785007	0.011883	0.619373	128.426	
0.626007	-0.0672802	-0.77691	-104.743	0.0327182	0.99766	-0.0600339	-10.7118	0.779131	0.0121625	0.626743	129.072	
0.635186	-0.0650873	-0.769612	-105.488	0.0323577	0.997811	-0.0576806	-10.7773	0.771681	0.0117351	0.635901	129.736	
0.645357	-0.0632654	-0.761257	-106.265	0.0327319	0.997939	-0.0551868	-10.854	0.76318	0.0106978	0.646098	130.361	
0.652829	-0.0627671	-0.7549	-107.01	0.0334165	0.997977	-0.0540799	-10.9298	0.756768	0.0100788	0.653606	131.024	
0.660843	-0.0616709	-0.747986	-107.757	0.0320541	0.998028	-0.0539669	-11.0062	0.74984	0.0116876	0.661516	131.684	
0.669554	-0.0607905	-0.740272	-108.515	0.0316236	0.998075	-0.0533584	-11.0771	0.74209	0.0123162	0.670187	132.333	
0.679067	-0.0571922	-0.731845	-109.285	0.0303709	0.998296	-0.0498341	-11.1606	0.733448	0.0116139	0.679646	132.965	
0.68712	-0.0542335	-0.724517	-110.014	0.0293456	0.998468	-0.0469092	-11.2304	0.725951	0.0109708	0.687658	133.646	
0.693501	-0.0534871	-0.718467	-110.719	0.029439	0.998511	-0.0459193	-11.2887	0.719854	0.0106942	0.694044	134.353	
0.701083	-0.0520191	-0.71118	-111.423	0.0278579	0.998572	-0.0455779	-11.3448	0.712535	0.0121419	0.701531	135.061	
0.710233	-0.0486359	-0.702285	-112.131	0.0249959	0.998724	-0.0438866	-11.414	0.703523	0.0136154	0.710542	135.764	
0.719173	-0.0457936	-0.693321	-112.834	0.0245895	0.998878	-0.0404691	-11.4796	0.694396	0.0120559	0.719492	136.472	
0.72874	-0.0416806	-0.68352	-113.514	0.0226369	0.999067	-0.0367879	-11.5342	0.684416	0.0113361	0.729004	137.203	
0.739519	-0.0410698	-0.671881	-114.174	0.0234508	0.999103	-0.0352601	-11.6031	0.672727	0.0103194	0.739819	137.951	
0.748662	-0.0403419	-0.661723	-114.81	0.0221821	0.999112	-0.0358144	-11.6554	0.662581	0.0121345	0.748892	138.721	
0.758239	-0.0418154	-0.650634	-115.45	0.0230779	0.999037	-0.0373123	-11.7077	0.651568	0.0132764	0.758474	139.487	
0.769331	-0.0421501	-0.637458	-116.11	0.0236657	0.999017	-0.0374956	-11.7109	0.638412	0.0137606	0.769572	140.239	
0.779538	-0.0403574	-0.625054	-116.734	0.0232919	0.9991	-0.0354596	-11.7611	0.625922	0.0130834	0.779776	141.019	
0.78997	-0.038427	-0.61194	-117.338	0.0234097	0.999197	-0.0325247	-11.7936	0.612698	0.0113682	0.790235	141.815	
0.799634	-0.0381672	-0.599274	-117.932	0.0250714	0.99923	-0.0301864	-11.8327	0.599964	0.00911342	0.799975	142.619	
0.809881	-0.0368959	-0.585433	-118.554	0.0260014	0.999297	-0.0270091	-11.8815	0.586017	0.00665209	0.810271	143.4	
0.817475	-0.0364855	-0.574807	-119.104	0.0276159	0.999327	-0.0241571	-11.9158	0.575301	0.00387399	0.817932	144.235	
0.825051	-0.0373264	-0.563824	-119.657	0.0297067	0.999301	-0.0226858	-11.9429	0.564277	0.00196761	0.825583	145.067	
0.832839	-0.0371698	-0.552266	-120.255	0.0298246	0.999307	-0.0222809	-11.976	0.552711	0.00208525	0.83337	145.868	
0.840434	-0.0368256	-0.540661	-120.789	0.0293789	0.999317	-0.0223976	-12.0046	0.541116	0.00293973	0.840943	146.713	
0.84804	-0.0346255	-0.528801	-121.355	0.0276503	0.999395	-0.0210968	-12.0434	0.529211	0.00326944	0.848484	147.537	
0.854738	-0.0338175	-0.517958	-121.89	0.0272319	0.999423	-0.020314	-12.0829	0.518345	0.00325819	0.855165	148.38	
0.861141	-0.0342097	-0.507214	-122.419	0.0279038	0.99941	-0.0200317	-12.1223	0.5076	0.00309686	0.861587	149.228	
0.867169	-0.0349112	-0.496788	-122.934	0.0285451	0.999384	-0.0204035	-12.1697	0.497195	0.0035124	0.867632	150.084	
0.871921	-0.0350271	-0.488392	-123.439	0.0285628	0.999378	-0.0206817	-12.2125	0.488813	0.00408295	0.872379	150.946	
0.875576	-0.0343663	-0.481857	-123.91	0.0283924	0.999403	-0.0196866	-12.2407	0.482246	0.00355605	0.876029	151.828	
0.878973	-0.0325757	-0.475757	-124.421	0.0283329	0.999469	-0.0160891	-12.2748	0.476029	0.000662256	0.879429	152.687	
0.882394	-0.0280507	-0.469674	-124.904	0.0255499	0.999605	-0.0116987	-12.308	0.469817	-0.00167724	0.882762	153.562	
0.887792	-0.0243583	-0.4596	-125.422	0.0228509	0.9997	-0.00884292	-12.3337	0.459677	-0.00265158	0.888082	154.417	
0.891835	-0.0206343	-0.451889	-125.905	0.0198529	0.999782	-0.00647106	-12.3563	0.451924	-0.00320021	0.89205	155.292	
0.896277	-0.0169494	-0.443171	-126.404	0.0168933	0.999849	-0.00407455	-12.4024	0.443173	-0.00383471	0.896428	156.158	
0.899834	-0.0156946	-0.435951	-126.855	0.0165043	0.999862	-0.00192989	-12.4044	0.435921	-0.00545849	0.899969	157.05	
0.903523	-0.0161096	-0.428237	-127.305	0.0178405	0.999841	2.86006e-05	-12.4288	0.428168	-0.00766581	0.903667	157.943	
0.907318	-0.016305	-0.420129	-127.738	0.0184847	0.999829	0.00111714	-12.4394	0.420039	-0.00877958	0.907464	158.844	
0.91116	-0.0164681	-0.411723	-128.16	0.0187618	0.999823	0.00152969	-12.4635	0.411625	-0.00911844	0.911308	159.75	
0.915033	-0.019184	-0.402923	-128.56	0.0214101	0.99977	0.00102083	-12.4707	0.402811	-0.00956071	0.915233	160.667	
0.919205	-0.0209115	-0.393224	-128.981	0.0227466	0.999741	6.9657e-06	-12.492	0.393122	-0.00895092	0.919443	161.574	
0.923279	-0.0206415	-0.383576	-129.355	0.0218592	0.99976	-0.00118476	-12.5137	0.383508	-0.00729078	0.923509	162.501	
0.92867	-0.0188868	-0.370425	-129.746	0.0196559	0.999805	-0.00169868	-12.5297	0.370385	-0.00570352	0.928861	163.421	
0.935574	-0.0151742	-0.352805	-130.135	0.0162308	0.999868	3.67204e-05	-12.5556	0.352758	-0.00576066	0.935697	164.342	
0.942489	-0.0103059	-0.334077	-130.487	0.0121919	0.999919	0.00354904	-12.5784	0.334014	-0.00741797	0.942539	165.278	
0.949177	-0.00707988	-0.314664	-130.804	0.00930069	0.999941	0.00555682	-12.5888	0.314607	-0.008201	0.949187	166.226	
0.955933	-0.00535237	-0.293535	-131.116	0.00766785	0.999948	0.0067381	-12.5962	0.293483	-0.00869196	0.955925	167.176	
0.962301	-0.00426632	-0.271953	-131.422	0.00681555	0.999941	0.0084299	-12.6006	0.271901	-0.00996561	0.962274	168.128	
0.968137	-0.00284804	-0.250404	-131.682	0.00589212	0.999918	0.0114079	-12.5991	0.250351	-0.0125198	0.968074	169.094	
0.973542	-0.00108926	-0.228504	-131.928	0.00462291	0.999878	0.0149296	-12.5949	0.22846	-0.015591	0.973429	170.063	
0.97882	0.0019589	-0.204712	-132.174	0.00209793	0.999806	0.0195983	-12.597	0.204711	-0.0196127	0.978626	171.032	
0.983201	0.00349958	-0.182495	-132.375	0.000735704	0.999732	0.0231348	-12.5894	0.182527	-0.0228805	0.982935	172.012	
0.987009	0.0050853	-0.160582	-132.544	-0.00143885	0.999739	0.0228158	-12.5747	0.160656	-0.0222884	0.986759	172.997	
0.990379	0.00411825	-0.138324	-132.72	-0.00121838	0.999778	0.0210426	-12.5759	0.138379	-0.0206716	0.990164	173.982	
0.992992	0.00191713	-0.118162	-132.829	0.000492868	0.999793	0.0203631	-12.5804	0.118177	-0.0202786	0.992785	174.976	
0.995422	0.00124173	-0.0955645	-132.981	0.000979871	0.99973	0.0231967	-12.5823	0.0955675	-0.0231842	0.995153	175.964	
0.996991	0.00177871	-0.0775026	-133.033	0.000168026	0.999685	0.0251046	-12.5709	0.0775228	-0.0250421	0.996676	176.963	
0.998174	0.000199739	-0.060396	-133.036	0.00131118	0.999687	0.0249763	-12.5346	0.0603821	-0.0250099	0.997862	177.962	
0.999203	0.00239246	-0.039854	-133.091	-0.00137327	0.999672	0.0255809	-12.5169	0.0399021	-0.0255058	0.998878	178.96	
0.999806	0.00278827	-0.0195009	-133.095	-0.00227717	0.999655	0.0261826	-12.494	0.0195671	-0.0261332	0.999467	179.96	
0.999993	0.00359356	-0.000794349	-133.061	-0.00357125	0.999643	0.0264925	-12.4939	0.000889267	-0.0264895	0.999649	180.959	
0.999773	0.00516353	0.0206879	-133.057	-0.00568977	0.99966	0.0254592	-12.4732	-0.0205494	-0.0255711	0.999462	181.959	
0.999176	0.00556022	0.0401995	-133.015	-0.00650167	0.999707	0.0233269	-12.4554	-0.040058	-0.023569	0.998919	182.958	
0.998232	0.00732963	0.0589887	-132.952	-0.00856169	0.99975	0.0206608	-12.431	-0.0588225	-0.0211293	0.998045	183.956	
0.996902	0.00757911	0.0782931	-132.883	-0.00911194	0.999773	0.0192395	-12.4242	-0.0781295	-0.0198932	0.996745	184.953	
0.995378	0.00763771	0.095729	-132.769	-0.0092756	0.999818	0.0166764	-12.4232	-0.0955842	-0.0174872	0.995268	185.947	
0.993369	0.0084978	0.114653	-132.661	-0.0098483	0.999889	0.0112177	-12.4106	-0.114545	-0.0122725	0.993342	186.941	
0.991259	0.00944699	0.131593	-132.483	-0.0100693	0.999941	0.00406421	-12.3969	-0.131547	-0.00535373	0.991295	187.925	
0.988767	0.0111055	0.149052	-132.348	-0.0110592	0.999938	-0.00113996	-12.3916	-0.149055	-0.000521241	0.988829	188.916	
0.986016	0.0132877	0.16612	-132.186	-0.012695	0.999909	-0.00462879	-12.41	-0.166167	0.00245515	0.986095	189.902	
0.982841	0.0154859	0.183804	-132.006	-0.0143786	0.99987	-0.00735574	-12.4215	-0.183894	0.00458669	0.982935	190.886	
0.979756	0.0152159	0.199618	-131.745	-0.0139461	0.999873	-0.00776586	-12.4028	-0.199711	0.00482475	0.979843	191.851	
0.976105	0.0143782	0.216822	-131.547	-0.0129205	0.999883	-0.00813912	-12.425	-0.216914	0.00514319	0.976177	192.831	
0.972508	0.0145019	0.232416	-131.312	-0.0118993	0.99985	-0.0125961	-12.4497	-0.232564	0.00948422	0.972535	193.803	
0.968514	0.0151765	0.248498	-131.081	-0.0112843	0.99979	-0.0170801	-12.4657	-0.248705	0.0137382	0.968482	194.776	
0.964321	0.0167046	0.264209	-130.767	-0.012566	0.999771	-0.0173467	-12.4935	-0.264438	0.0134078	0.96431	195.725	
0.95918	0.0190375	0.282154	-130.526	-0.0147079	0.999739	-0.0174552	-12.5259	-0.282413	0.0125928	0.95921	196.695	
0.953383	0.0242413	0.300788	-130.26	-0.0188509	0.999606	-0.0208108	-12.5515	-0.301174	0.0141706	0.953464	197.658	
0.948074	0.0262832	0.316961	-129.922	-0.0191565	0.999489	-0.0255803	-12.5612	-0.317471	0.0181801	0.948094	198.599	
0.942406	0.0270417	0.333376	-129.574	-0.0188768	0.999438	-0.0277071	-12.5946	-0.333938	0.0198182	0.942387	199.536	
0.936149	0.0289869	0.350407	-129.215	-0.0183256	0.999264	-0.0337039	-12.6178	-0.351126	0.0251304	0.935991	200.469	
0.928562	0.0322585	0.369772	-128.881	-0.0190438	0.999045	-0.0393333	-12.6694	-0.370688	0.0294816	0.92829	201.411	
0.919824	0.0358625	0.39069	-128.482	-0.020779	0.998869	-0.0427678	-12.7155	-0.391782	0.0312207	0.919528	202.326	
0.908699	0.0387673	0.415647	-128.196	-0.0226975	0.998794	-0.0435352	-12.7935	-0.416834	0.0301262	0.908483	203.281	
0.898562	0.0433892	0.436695	-127.668	-0.0256848	0.998594	-0.0463681	-12.8467	-0.438093	0.0304482	0.898414	204.129	
0.886137	0.0475611	0.460977	-127.192	-0.0275062	0.998364	-0.0501306	-12.8851	-0.462607	0.0317428	0.885995	205.007	
0.870745	0.0514316	0.489038	-126.894	-0.0294362	0.998184	-0.052566	-12.9656	-0.490853	0.0313761	0.870677	205.959	
0.856604	0.0540771	0.513133	-126.396	-0.029993	0.99803	-0.0551093	-13.0253	-0.515103	0.0318164	0.856538	206.824	
0.84205	0.0558145	0.536504	-125.873	-0.0292695	0.997895	-0.057876	-13.08	-0.538604	0.0330313	0.841911	207.674	
0.82785	0.0582363	0.557918	-125.289	-0.0273521	0.997604	-0.0635457	-13.1349	-0.560282	0.0373461	0.82746	208.484	
0.812781	0.0601957	0.579451	-124.717	-0.0250805	0.997341	-0.068428	-13.2151	-0.58203	0.041084	0.812129	209.301	
0.799267	0.0608624	0.597886	-124.094	-0.0227492	0.99721	-0.0711004	-13.2943	-0.600545	0.0432269	0.798422	210.079	
0.783982	0.0626297	0.617617	-123.489	-0.0211924	0.997018	-0.0742022	-13.3703	-0.620422	0.0450844	0.782971	210.871	
0.768855	0.0631243	0.6363	-122.878	-0.019674	0.996979	-0.0751331	-13.4595	-0.639121	0.0452479	0.767774	211.657	
0.7546	0.0634218	0.653113	-122.243	-0.0176925	0.996923	-0.0763664	-13.5515	-0.655947	0.0460709	0.7534	212.425	
0.740676	0.064078	0.6688	-121.586	-0.0152742	0.99679	-0.0785872	-13.6425	-0.671689	0.0479922	0.739277	213.173	
0.727001	0.0652812	0.683526	-120.882	-0.0124275	0.996558	-0.0819599	-13.7209	-0.686524	0.0510904	0.72531	213.879	
0.711652	0.0683127	0.699203	-120.211	-0.0103657	0.996174	-0.0867768	-13.8047	-0.702455	0.0545072	0.709638	214.616	
0.696195	0.0698903	0.714442	-119.534	-0.00808102	0.995949	-0.0895541	-13.8956	-0.717807	0.0565737	0.69394	215.346	
0.681164	0.0710748	0.728673	-118.823	-0.00716227	0.995876	-0.0904425	-13.9926	-0.732096	0.0563872	0.678864	216.043	
0.666712	0.0726631	0.741765	-118.061	-0.00792033	0.995871	-0.0904362	-14.0871	-0.745273	0.0544199	0.664535	216.683	
0.649853	0.0748844	0.756362	-117.305	-0.0110273	0.995959	-0.0891315	-14.1854	-0.75998	0.0495817	0.648053	217.33	
0.632314	0.0753843	0.771036	-116.563	-0.0121547	0.996097	-0.0874206	-14.2916	-0.774617	0.0459055	0.630762	217.992	
0.614387	0.0767486	0.785263	-115.791	-0.0154066	0.996235	-0.0853141	-14.4097	-0.788854	0.0403176	0.613256	218.617	
0.596323	0.0807511	0.798673	-115.007	-0.0164466	0.995948	-0.0884172	-14.5023	-0.802576	0.0395897	0.595234	219.23	
0.577957	0.0849818	0.811631	-114.218	-0.0206619	0.995768	-0.0895487	-14.6141	-0.815806	0.0349854	0.577267	219.835	
0.559038	0.0850647	0.824767	-113.411	-0.0214643	0.995875	-0.0881636	-14.7333	-0.828864	0.0315838	0.558558	220.413	
0.538745	0.0842269	0.838248	-112.587	-0.0224745	0.996073	-0.0856406	-14.8374	-0.842169	0.0272992	0.538522	220.97	
0.516943	0.0827541	0.85201	-111.754	-0.022208	0.996278	-0.0832921	-14.9366	-0.855731	0.0241359	0.516857	221.514	
0.496712	0.0806349	0.864161	-110.894	-0.0215998	0.996515	-0.0805694	-15.0486	-0.867646	0.0213541	0.496723	222.012	
0.47547	0.0796348	0.87612	-110.034	-0.0203601	0.996624	-0.0795385	-15.1469	-0.879496	0.0199803	0.475486	222.513	
0.454583	0.0790539	0.887189	-109.158	-0.0199286	0.996707	-0.0786014	-15.2592	-0.890482	0.0180504	0.454661	222.983	
0.434635	0.0783234	0.897194	-108.267	-0.0174742	0.996757	-0.0785499	-15.3569	-0.900437	0.0184628	0.434594	223.425	
0.414416	0.0786947	0.906679	-107.368	-0.015572	0.996722	-0.0793924	-15.462	-0.909954	0.0187827	0.414283	223.851	
0.393322	0.0781492	0.916074	-106.463	-0.0120457	0.996733	-0.0798583	-15.5556	-0.919322	0.0203752	0.392978	224.266	
0.372609	0.0761263	0.924861	-105.547	-0.0105568	0.996913	-0.0778039	-15.6529	-0.927928	0.0192268	0.372262	224.656	
0.352999	0.0762591	0.932511	-104.609	-0.00990544	0.996922	-0.0777769	-15.7387	-0.935571	0.0182182	0.352668	224.991	
0.335057	0.0804141	0.93876	-103.671	-0.00922751	0.996584	-0.0820739	-15.8411	-0.942153	0.018837	0.334654	225.321	
0.316385	0.089108	0.944437	-102.734	-0.00989687	0.995834	-0.0906419	-15.9602	-0.948579	0.0193307	0.315948	225.65	
0.297662	0.0964601	0.949786	-101.794	-0.0117661	0.995177	-0.0973826	-16.0835	-0.954599	0.0178119	0.297362	225.967	
0.278609	0.100427	0.955139	-100.847	-0.0135191	0.994829	-0.100656	-16.2023	-0.960309	0.0151311	0.278526	226.266	
0.258651	0.101753	0.960597	-99.8961	-0.0147069	0.994736	-0.10141	-16.3193	-0.965859	0.0121023	0.258786	226.553	
0.240252	0.101879	0.96535	-98.928	-0.0186604	0.994778	-0.10034	-16.4342	-0.970531	0.00609306	0.240898	226.776	
0.22012	0.102232	0.970101	-97.9715	-0.0217896	0.99476	-0.0998867	-16.5552	-0.975229	0.000848942	0.221194	227.041	
0.20139	0.100932	0.974297	-96.9993	-0.0233434	0.994889	-0.0982402	-16.6701	-0.979233	-0.00295884	0.202717	227.245	
0.183282	0.100229	0.977937	-96.0235	-0.0230525	0.994954	-0.0976526	-16.7965	-0.98279	-0.00464587	0.184668	227.424	
0.164874	0.101114	0.981118	-95.0458	-0.0225853	0.994857	-0.0987349	-16.9035	-0.986056	-0.00587997	0.16631	227.604	
0.143883	0.105394	0.983966	-94.0708	-0.0286817	0.994339	-0.102311	-17.0153	-0.989179	-0.0135011	0.146091	227.797	
0.124876	0.107372	0.986345	-93.0886	-0.0293475	0.994092	-0.1045	-17.1289	-0.991738	-0.0158972	0.12729	227.946	
0.106664	0.105646	0.988667	-92.108	-0.0310583	0.994208	-0.102887	-17.246	-0.99381	-0.0197319	0.109328	228.103	
0.0914582	0.101072	0.990666	-91.1207	-0.0286423	0.994691	-0.0988384	-17.3707	-0.995397	-0.0193354	0.0938676	228.202	
0.0769879	0.0991076	0.992094	-90.1273	-0.0297998	0.994831	-0.0970685	-17.4637	-0.996587	-0.0220911	0.0795434	228.269	
0.0645789	0.0954056	0.993342	-89.1364	-0.0269418	0.995223	-0.0938348	-17.5852	-0.997549	-0.0207027	0.0668408	228.327	
0.0514072	0.0953739	0.994113	-88.1491	-0.0274545	0.995188	-0.0940573	-17.7005	-0.9983	-0.0224576	0.0537782	228.436	
0.0450181	0.0981813	0.99415	-87.1546	-0.028096	0.994889	-0.0969821	-17.802	-0.998591	-0.0235656	0.0475466	228.46	
0.0379393	0.100793	0.994184	-86.1616	-0.0295986	0.994577	-0.0997031	-17.9045	-0.998842	-0.0256438	0.0407168	228.52	
0.0397307	0.107052	0.993459	-85.1676	-0.0309279	0.9939	-0.105862	-18.0044	-0.998732	-0.0265196	0.0427992	228.475	
0.0336122	0.115667	0.992719	-84.1789	-0.0315304	0.992909	-0.114621	-18.1354	-0.998937	-0.0274481	0.0370209	228.548	
0.0280784	0.118379	0.992571	-83.1881	-0.0342647	0.992493	-0.1174	-18.2529	-0.999018	-0.0307138	0.0319238	228.615	
0.0267347	0.110071	0.993564	-82.1959	-0.0326921	0.993484	-0.109183	-18.3774	-0.999108	-0.0295627	0.030159	228.612	
0.0223828	0.101674	0.994566	-81.2036	-0.0339659	0.994318	-0.100884	-18.4729	-0.999172	-0.0315232	0.0257091	228.692	
0.0212363	0.0972881	0.99503	-80.212	-0.0324788	0.994796	-0.0965721	-18.5996	-0.999247	-0.0302665	0.0242856	228.716	
0.0200452	0.099824	0.994803	-79.2198	-0.0340772	0.994493	-0.0991062	-18.711	-0.999218	-0.0319135	0.0233365	228.772	
0.0166947	0.103263	0.994514	-78.2303	-0.0346118	0.994116	-0.10264	-18.8302	-0.999261	-0.0327084	0.0201706	228.854	
0.0188503	0.104065	0.994392	-77.2404	-0.0361068	0.993991	-0.103338	-18.9693	-0.99917	-0.0339563	0.0224945	228.882	
0.0219555	0.103337	0.994404	-76.2506	-0.0379532	0.994013	-0.102458	-19.1082	-0.999038	-0.0354913	0.025746	228.912	
0.0258921	0.104155	0.994224	-75.259	-0.0388195	0.993912	-0.103111	-19.2356	-0.998911	-0.0359255	0.0297777	228.935	
0.0301637	0.104969	0.994018	-74.2671	-0.0412594	0.993754	-0.103689	-19.3566	-0.998693	-0.0378849	0.0343062	228.974	
0.0338674	0.10631	0.993756	-73.2768	-0.0435235	0.99354	-0.104804	-19.4691	-0.998478	-0.0397023	0.0382756	229.055	
0.040448	0.104758	0.993675	-72.2862	-0.0450209	0.99367	-0.102925	-19.5963	-0.998167	-0.0405731	0.0449082	229.106	
0.0471335	0.102713	0.993594	-71.2949	-0.0434432	0.993969	-0.100691	-19.716	-0.997943	-0.038419	0.0513114	229.16	
0.0547816	0.102085	0.993266	-70.3024	-0.0398884	0.99419	-0.0999802	-19.8201	-0.997701	-0.0341427	0.0585353	229.224	
0.0622621	0.103754	0.992652	-69.3101	-0.0375196	0.994122	-0.101554	-19.9155	-0.997354	-0.030921	0.0657889	229.303	
0.068652	0.104104	0.992194	-68.3202	-0.0395419	0.994043	-0.101562	-20.03	-0.996857	-0.0322608	0.0723595	229.387	
0.0746741	0.102298	0.991947	-67.3339	-0.0411491	0.994193	-0.0994318	-20.1627	-0.996359	-0.0333928	0.0784499	229.485	
0.0808646	0.0995038	0.991746	-66.3476	-0.0416107	0.994474	-0.0963847	-20.2885	-0.995856	-0.0334731	0.0845582	229.592	
0.0887656	0.097393	0.99128	-65.3587	-0.041805	0.994695	-0.0939851	-20.4104	-0.995175	-0.0330978	0.0923662	229.676	
0.0955092	0.0973093	0.990661	-64.3715	-0.042376	0.994706	-0.0936211	-20.5333	-0.994526	-0.0330385	0.0991271	229.778	
0.101582	0.100095	0.989779	-63.3834	-0.0428221	0.994443	-0.0961719	-20.6315	-0.993905	-0.032615	0.105304	229.896	
0.10862	0.101344	0.988904	-62.3955	-0.0423907	0.994357	-0.0972466	-20.745	-0.993179	-0.0313574	0.112303	230.002	
0.115771	0.103101	0.987911	-61.4097	-0.0441019	0.994151	-0.0985837	-20.86	-0.992296	-0.0321556	0.119641	230.124	
0.12219	0.103982	0.987045	-60.4248	-0.0451895	0.994048	-0.0991256	-20.966	-0.991477	-0.0324919	0.126162	230.261	
0.129406	0.103599	0.986165	-59.4391	-0.0465311	0.994066	-0.0983236	-21.0808	-0.990499	-0.0331637	0.133459	230.384	
0.136086	0.101648	0.985469	-58.4538	-0.0475274	0.994247	-0.0959907	-21.1851	-0.989556	-0.0337738	0.140134	230.52	
0.144863	0.100325	0.984352	-57.4688	-0.0490821	0.99435	-0.0941204	-21.295	-0.988234	-0.0346795	0.148969	230.653	
0.151015	0.100107	0.98345	-56.49	-0.0470252	0.99446	-0.0940071	-21.404	-0.987412	-0.0320504	0.154886	230.826	
0.15751	0.101847	0.982251	-55.5091	-0.0471173	0.99431	-0.0955418	-21.5136	-0.986393	-0.0312322	0.161413	230.987	
0.164081	0.10152	0.981209	-54.5371	-0.045195	0.994419	-0.095329	-21.6263	-0.985411	-0.0287041	0.167754	231.193	
0.170927	0.103984	0.979781	-53.5713	-0.0448419	0.994206	-0.0976924	-21.7059	-0.984263	-0.027237	0.1746	231.44	
0.18045	0.105811	0.977876	-52.5965	-0.0447941	0.994049	-0.0992953	-21.8198	-0.982564	-0.0258853	0.184116	231.632	
