1.000000e+00 1.197625e-11 1.704638e-10 5.551115e-17 1.197625e-11 1.000000e+00 3.562503e-10 0.000000e+00 1.704638e-10 3.562503e-10 1.000000e+00 2.220446e-16
9.999268e-01 -3.092411e-03 1.169425e-02 2.138869e-02 3.079219e-03 9.999946e-01 1.146026e-03 -8.456433e-03 -1.169773e-02 -1.109933e-03 9.999310e-01 2.880714e-01
9.998143e-01 -5.167713e-03 1.856600e-02 3.879027e-02 5.141246e-03 9.999857e-01 1.473072e-03 -1.513783e-02 -1.857335e-02 -1.377345e-03 9.998266e-01 5.807338e-01
9.997542e-01 -8.010201e-03 2.067129e-02 5.418066e-02 8.008308e-03 9.999679e-01 1.744436e-04 -2.008116e-02 -2.067202e-02 -8.857983e-06 9.997863e-01 8.792349e-01
9.997748e-01 -9.463067e-03 1.899365e-02 6.515084e-02 9.496346e-03 9.999535e-01 -1.662555e-03 -2.474146e-02 -1.897703e-02 1.842551e-03 9.998182e-01 1.185210e+00
9.998511e-01 -1.185843e-02 1.253962e-02 7.053236e-02 1.189537e-02 9.999251e-01 -2.875296e-03 -2.883154e-02 -1.250459e-02 3.024031e-03 9.999173e-01 1.500857e+00
9.999012e-01 -1.405064e-02 5.041622e-04 6.976838e-02 1.405303e-02 9.998882e-01 -5.094792e-03 -3.440223e-02 -4.325204e-04 5.101373e-03 9.999869e-01 1.824326e+00
9.997888e-01 -1.342620e-02 -1.555879e-02 5.785896e-02 1.334533e-02 9.998969e-01 -5.289823e-03 -4.333150e-02 1.562821e-02 5.081069e-03 9.998650e-01 2.161983e+00
9.993602e-01 -8.848875e-03 -3.465391e-02 3.493816e-02 8.679166e-03 9.999496e-01 -5.044683e-03 -5.403998e-02 3.469681e-02 4.740688e-03 9.993866e-01 2.516769e+00
9.985196e-01 -5.196826e-03 -5.414520e-02 3.415143e-03 4.866004e-03 9.999687e-01 -6.239968e-03 -6.304966e-02 5.417593e-02 5.967260e-03 9.985136e-01 2.875512e+00
9.972366e-01 -4.507958e-03 -7.415363e-02 -3.086300e-02 4.012606e-03 9.999686e-01 -6.827705e-03 -7.085384e-02 7.418209e-02 6.511288e-03 9.972235e-01 3.247151e+00
9.954565e-01 -5.949698e-03 -9.503163e-02 -7.130281e-02 5.379006e-03 9.999659e-01 -6.260341e-03 -7.742982e-02 9.506564e-02 5.720722e-03 9.954546e-01 3.630711e+00
9.933378e-01 -7.329142e-03 -1.150053e-01 -1.231303e-01 6.752021e-03 9.999626e-01 -5.406982e-03 -8.517902e-02 1.150406e-01 4.594442e-03 9.933502e-01 4.021896e+00
9.910850e-01 -6.260087e-03 -1.330839e-01 -1.931244e-01 5.657285e-03 9.999719e-01 -4.907150e-03 -9.480390e-02 1.331109e-01 4.110510e-03 9.910926e-01 4.418357e+00
9.888528e-01 -4.731324e-03 -1.488211e-01 -2.714242e-01 4.211142e-03 9.999838e-01 -3.810278e-03 -1.043554e-01 1.488367e-01 3.141098e-03 9.888568e-01 4.828313e+00
9.866849e-01 -3.759229e-03 -1.626003e-01 -3.555623e-01 3.153903e-03 9.999871e-01 -3.980763e-03 -1.137549e-01 1.626132e-01 3.414933e-03 9.866840e-01 5.248722e+00
9.845820e-01 -4.884309e-03 -1.748553e-01 -4.410342e-01 4.143076e-03 9.999808e-01 -4.603916e-03 -1.230564e-01 1.748744e-01 3.808495e-03 9.845834e-01 5.683091e+00
9.827221e-01 -8.432073e-03 -1.848951e-01 -5.276696e-01 7.289575e-03 9.999499e-01 -6.858084e-03 -1.316203e-01 1.849437e-01 5.391784e-03 9.827343e-01 6.127820e+00
9.812037e-01 -8.176023e-03 -1.928017e-01 -6.223879e-01 6.568661e-03 9.999381e-01 -8.974631e-03 -1.398923e-01 1.928631e-01 7.539493e-03 9.811967e-01 6.586939e+00
9.797396e-01 -7.236126e-03 -2.001446e-01 -7.270140e-01 5.215485e-03 9.999300e-01 -1.062133e-02 -1.495504e-01 2.002075e-01 9.362288e-03 9.797088e-01 7.057528e+00
9.780320e-01 -7.866009e-03 -2.083063e-01 -8.348053e-01 5.207470e-03 9.998979e-01 -1.330798e-02 -1.604265e-01 2.083897e-01 1.193088e-02 9.779731e-01 7.548378e+00
9.763063e-01 -1.149733e-02 -2.160876e-01 -9.419591e-01 8.487619e-03 9.998537e-01 -1.485108e-02 -1.729816e-01 2.162267e-01 1.266513e-02 9.762610e-01 8.041587e+00
9.744447e-01 -1.794209e-02 -2.239099e-01 -1.052874e+00 1.460499e-02 9.997563e-01 -1.655112e-02 -1.870514e-01 2.241524e-01 1.285795e-02 9.744693e-01 8.554975e+00
9.723895e-01 -1.882262e-02 -2.326035e-01 -1.178089e+00 1.511868e-02 9.997291e-01 -1.769655e-02 -2.016067e-01 2.328736e-01 1.369128e-02 9.724106e-01 9.075980e+00
9.703810e-01 -1.477647e-02 -2.411273e-01 -1.317954e+00 9.627660e-03 9.997001e-01 -2.251735e-02 -2.194403e-01 2.413877e-01 1.952891e-02 9.702323e-01 9.607606e+00
9.682175e-01 -1.175727e-02 -2.498331e-01 -1.461512e+00 5.410028e-03 9.996453e-01 -2.607749e-02 -2.434394e-01 2.500511e-01 2.389708e-02 9.679377e-01 1.014898e+01
9.659985e-01 -1.382599e-02 -2.581776e-01 -1.600917e+00 6.935714e-03 9.995955e-01 -2.757989e-02 -2.736564e-01 2.584545e-01 2.485148e-02 9.657037e-01 1.069971e+01
9.636100e-01 -1.701693e-02 -2.667699e-01 -1.746028e+00 9.362843e-03 9.995079e-01 -2.993753e-02 -3.017085e-01 2.671481e-01 2.635037e-02 9.632952e-01 1.126149e+01
9.613945e-01 -1.660121e-02 -2.746727e-01 -1.902902e+00 7.991665e-03 9.994419e-01 -3.243426e-02 -3.279271e-01 2.750579e-01 2.898703e-02 9.609906e-01 1.182926e+01
9.591271e-01 -1.549079e-02 -2.825514e-01 -2.073218e+00 5.603769e-03 9.993444e-01 -3.576662e-02 -3.566836e-01 2.829203e-01 3.272138e-02 9.585851e-01 1.241106e+01
9.567949e-01 -1.642720e-02 -2.902992e-01 -2.247333e+00 4.781739e-03 9.991567e-01 -4.077934e-02 -3.862946e-01 2.907243e-01 3.762933e-02 9.560667e-01 1.300126e+01
9.549986e-01 -1.796302e-02 -2.960658e-01 -2.430940e+00 3.863449e-03 9.988331e-01 -4.813954e-02 -4.149226e-01 2.965851e-01 4.482935e-02 9.539537e-01 1.360353e+01
9.537103e-01 -1.848289e-02 -3.001583e-01 -2.620930e+00 1.619282e-03 9.984106e-01 -5.633424e-02 -4.420317e-01 3.007225e-01 5.324050e-02 9.522245e-01 1.421692e+01
9.524710e-01 -1.858298e-02 -3.040618e-01 -2.819369e+00 -1.216390e-03 9.978977e-01 -6.479764e-02 -4.781374e-01 3.046268e-01 6.208772e-02 9.504460e-01 1.484155e+01
9.511735e-01 -1.798416e-02 -3.081323e-01 -3.024731e+00 -5.045062e-03 9.972618e-01 -7.377885e-02 -5.190175e-01 3.086154e-01 7.173103e-02 9.484784e-01 1.547709e+01
9.498371e-01 -1.765624e-02 -3.122464e-01 -3.237328e+00 -8.048061e-03 9.966945e-01 -8.084074e-02 -5.701376e-01 3.126416e-01 7.929850e-02 9.465553e-01 1.612456e+01
9.481933e-01 -1.538124e-02 -3.173214e-01 -3.471584e+00 -1.300717e-02 9.961102e-01 -8.715050e-02 -6.308148e-01 3.174276e-01 8.676296e-02 9.443050e-01 1.679489e+01
9.465823e-01 -1.443547e-02 -3.221390e-01 -3.703617e+00 -1.649625e-02 9.955216e-01 -9.308367e-02 -6.968511e-01 3.220401e-01 9.342543e-02 9.421050e-01 1.744154e+01
9.449062e-01 -1.222398e-02 -3.271128e-01 -3.951023e+00 -2.114986e-02 9.949346e-01 -9.827402e-02 -7.690047e-01 3.266572e-01 9.977810e-02 9.398614e-01 1.811394e+01
9.431819e-01 -9.610002e-03 -3.321379e-01 -4.206227e+00 -2.563137e-02 9.944991e-01 -1.015608e-01 -8.443717e-01 3.312869e-01 1.043034e-01 9.377472e-01 1.880104e+01
9.414125e-01 -8.075800e-03 -3.371605e-01 -4.466634e+00 -2.826314e-02 9.943075e-01 -1.027318e-01 -9.233994e-01 3.360709e-01 1.062422e-01 9.358253e-01 1.949749e+01
9.391912e-01 -7.945913e-03 -3.433026e-01 -4.730674e+00 -2.886858e-02 9.943662e-01 -1.019924e-01 -1.007318e+00 3.421789e-01 1.057010e-01 9.336707e-01 2.020757e+01
9.368681e-01 -7.519302e-03 -3.496021e-01 -5.002325e+00 -2.946952e-02 9.945143e-01 -1.003630e-01 -1.091050e+00 3.484389e-01 1.043295e-01 9.315072e-01 2.092425e+01
9.342878e-01 -7.529037e-03 -3.564403e-01 -5.285312e+00 -2.950746e-02 9.947138e-01 -9.835504e-02 -1.174887e+00 3.552966e-01 1.024095e-01 9.291268e-01 2.165513e+01
9.310994e-01 -6.948836e-03 -3.646993e-01 -5.575589e+00 -3.003738e-02 9.949622e-01 -9.564487e-02 -1.260053e+00 3.635266e-01 1.000095e-01 9.262000e-01 2.238962e+01
9.277392e-01 -5.077233e-03 -3.731947e-01 -5.895726e+00 -3.070041e-02 9.954809e-01 -8.986263e-02 -1.353119e+00 3.719645e-01 9.482629e-02 9.233907e-01 2.314117e+01
9.242864e-01 -1.524340e-03 -3.816966e-01 -6.215009e+00 -3.317488e-02 9.958871e-01 -8.431084e-02 -1.438960e+00 3.802553e-01 9.059009e-02 9.204343e-01 2.387854e+01
9.206243e-01 2.247455e-03 -3.904432e-01 -6.553189e+00 -3.648772e-02 9.961026e-01 -8.030049e-02 -1.526495e+00 3.887411e-01 8.817295e-02 9.171183e-01 2.462981e+01
9.168008e-01 3.486620e-03 -3.993296e-01 -6.893668e+00 -3.796477e-02 9.961938e-01 -7.846345e-02 -1.606967e+00 3.975361e-01 8.709580e-02 9.134437e-01 2.538492e+01
9.127707e-01 3.235865e-03 -4.084594e-01 -7.246162e+00 -3.828632e-02 9.962441e-01 -7.766479e-02 -1.685830e+00 4.066740e-01 8.652854e-02 9.094664e-01 2.614716e+01
9.088636e-01 3.268540e-03 -4.170807e-01 -7.606334e+00 -3.875321e-02 9.963054e-01 -7.663965e-02 -1.761966e+00 4.152893e-01 8.581819e-02 9.056324e-01 2.691437e+01
9.048830e-01 4.608140e-03 -4.256354e-01 -7.982190e+00 -4.021677e-02 9.963939e-01 -7.471170e-02 -1.839860e+00 4.237562e-01 8.472302e-02 9.018052e-01 2.768873e+01
9.011219e-01 3.561205e-03 -4.335513e-01 -8.362269e+00 -3.882330e-02 9.966120e-01 -7.250673e-02 -1.915761e+00 4.318242e-01 8.216928e-02 8.982072e-01 2.846912e+01
8.972017e-01 4.003364e-03 -4.416029e-01 -8.757075e+00 -3.820143e-02 9.969142e-01 -6.857602e-02 -1.990234e+00 4.399657e-01 7.839636e-02 8.945860e-01 2.926142e+01
8.934531e-01 6.286261e-03 -4.491125e-01 -9.164411e+00 -3.863652e-02 9.972714e-01 -6.290362e-02 -2.060214e+00 4.474917e-01 7.355357e-02 8.912582e-01 3.005971e+01
8.896269e-01 6.524173e-03 -4.566414e-01 -9.580703e+00 -3.732651e-02 9.975913e-01 -5.846647e-02 -2.130016e+00 4.551601e-01 6.905817e-02 8.877276e-01 3.086421e+01
8.858290e-01 5.849285e-03 -4.639749e-01 -1.000712e+01 -3.614492e-02 9.977521e-01 -5.642995e-02 -2.196452e+00 4.626019e-01 6.675761e-02 8.840492e-01 3.167496e+01
8.825642e-01 4.764472e-03 -4.701677e-01 -1.044426e+01 -3.498797e-02 9.978418e-01 -5.556515e-02 -2.258264e+00 4.688883e-01 6.549002e-02 8.808262e-01 3.249206e+01
8.793579e-01 5.398335e-03 -4.761309e-01 -1.089504e+01 -3.522844e-02 9.979329e-01 -5.374831e-02 -2.319480e+00 4.748566e-01 6.403734e-02 8.777303e-01 3.331700e+01
8.764052e-01 4.444602e-03 -4.815539e-01 -1.135407e+01 -3.365615e-02 9.980776e-01 -5.204062e-02 -2.381080e+00 4.803969e-01 6.181591e-02 8.748701e-01 3.415206e+01
8.737377e-01 3.155669e-03 -4.863872e-01 -1.182494e+01 -3.246567e-02 9.981273e-01 -5.184495e-02 -2.443855e+00 4.853127e-01 6.108977e-02 8.722039e-01 3.499697e+01
8.716007e-01 2.167155e-03 -4.902118e-01 -1.230225e+01 -3.196712e-02 9.981130e-01 -5.242529e-02 -2.505327e+00 4.891732e-01 6.136457e-02 8.700253e-01 3.584444e+01
8.701921e-01 2.319482e-03 -4.927072e-01 -1.279251e+01 -3.265581e-02 9.980616e-01 -5.297637e-02 -2.570879e+00 4.916293e-01 6.218936e-02 8.685811e-01 3.672204e+01
8.697487e-01 2.525150e-03 -4.934884e-01 -1.328826e+01 -3.229971e-02 9.981340e-01 -5.181923e-02 -2.638091e+00 4.924367e-01 6.100923e-02 8.682073e-01 3.761620e+01
8.696349e-01 2.975155e-03 -4.936865e-01 -1.378452e+01 -3.195058e-02 9.982247e-01 -5.026564e-02 -2.707338e+00 4.926605e-01 5.948631e-02 8.681861e-01 3.851664e+01
8.694144e-01 1.873861e-03 -4.940800e-01 -1.428954e+01 -3.037506e-02 9.983040e-01 -4.966368e-02 -2.775142e+00 4.931490e-01 5.818602e-02 8.679968e-01 3.942708e+01
8.687731e-01 1.966427e-05 -4.952104e-01 -1.480797e+01 -2.858148e-02 9.983350e-01 -5.010232e-02 -2.841759e+00 4.943849e-01 5.768139e-02 8.673272e-01 4.034309e+01
8.676927e-01 -2.580071e-03 -4.970943e-01 -1.533465e+01 -2.612420e-02 9.983680e-01 -5.078240e-02 -2.909137e+00 4.964140e-01 5.704970e-02 8.662092e-01 4.126523e+01
8.661087e-01 -3.152817e-03 -4.998457e-01 -1.586740e+01 -2.470117e-02 9.984884e-01 -4.909906e-02 -2.976585e+00 4.992450e-01 5.487189e-02 8.647217e-01 4.219040e+01
8.640267e-01 -2.135530e-03 -5.034415e-01 -1.640548e+01 -2.364757e-02 9.987151e-01 -4.482132e-02 -3.043619e+00 5.028904e-01 5.063198e-02 8.628660e-01 4.311456e+01
8.612122e-01 -2.515559e-03 -5.082394e-01 -1.694522e+01 -2.112709e-02 9.989462e-01 -4.074421e-02 -3.108900e+00 5.078064e-01 4.582703e-02 8.602515e-01 4.403507e+01
8.573170e-01 -2.322740e-03 -5.147836e-01 -1.749249e+01 -2.029804e-02 9.990596e-01 -3.831204e-02 -3.173069e+00 5.143885e-01 4.329465e-02 8.564637e-01 4.494973e+01
8.520813e-01 -5.804948e-03 -5.233772e-01 -1.804673e+01 -1.816238e-02 9.990084e-01 -4.064949e-02 -3.235637e+00 5.230942e-01 4.414244e-02 8.511310e-01 4.585695e+01
8.459794e-01 -9.821908e-03 -5.331251e-01 -1.861936e+01 -1.617194e-02 9.988977e-01 -4.406510e-02 -3.298545e+00 5.329703e-01 4.589983e-02 8.448881e-01 4.676609e+01
8.398031e-01 -1.033534e-02 -5.427928e-01 -1.921229e+01 -1.601771e-02 9.989118e-01 -4.380276e-02 -3.356507e+00 5.426548e-01 4.547998e-02 8.387236e-01 4.766232e+01
8.339495e-01 -6.907958e-03 -5.517976e-01 -1.982282e+01 -1.727628e-02 9.991047e-01 -3.861801e-02 -3.410242e+00 5.515704e-01 4.173847e-02 8.330835e-01 4.855068e+01
8.287116e-01 -1.605836e-03 -5.596736e-01 -2.043384e+01 -2.050625e-02 9.992373e-01 -3.323077e-02 -3.465273e+00 5.593001e-01 3.901553e-02 8.280466e-01 4.943336e+01
8.244741e-01 -1.420809e-03 -5.658979e-01 -2.105696e+01 -2.183704e-02 9.991721e-01 -3.432370e-02 -3.517140e+00 5.654782e-01 4.065653e-02 8.237606e-01 5.029682e+01
8.208828e-01 -4.306569e-03 -5.710805e-01 -2.167507e+01 -2.223179e-02 9.989726e-01 -3.948978e-02 -3.574727e+00 5.706639e-01 4.511262e-02 8.199437e-01 5.115815e+01
8.179645e-01 -6.412380e-03 -5.752329e-01 -2.229860e+01 -2.497150e-02 9.985995e-01 -4.664059e-02 -3.635034e+00 5.747265e-01 5.251477e-02 8.166589e-01 5.201179e+01
8.145803e-01 -6.933137e-03 -5.800093e-01 -2.292529e+01 -2.492187e-02 9.985869e-01 -4.693753e-02 -3.696616e+00 5.795151e-01 5.268930e-02 8.132565e-01 5.287389e+01
8.111073e-01 -6.174055e-03 -5.848649e-01 -2.356010e+01 -2.436094e-02 9.987200e-01 -4.432731e-02 -3.761561e+00 5.843899e-01 5.020205e-02 8.099186e-01 5.373417e+01
8.078624e-01 -2.799690e-03 -5.893645e-01 -2.420131e+01 -2.439166e-02 9.989731e-01 -3.817998e-02 -3.822517e+00 5.888662e-01 4.521974e-02 8.069646e-01 5.459689e+01
8.047634e-01 -1.072406e-03 -5.935948e-01 -2.484571e+01 -2.455639e-02 9.990821e-01 -3.509719e-02 -3.875701e+00 5.930876e-01 4.282147e-02 8.039984e-01 5.545675e+01
8.016398e-01 -7.168066e-04 -5.978070e-01 -2.549478e+01 -2.557654e-02 9.990425e-01 -3.549523e-02 -3.921434e+00 5.972600e-01 4.374422e-02 8.008539e-01 5.631342e+01
7.980946e-01 -1.906616e-03 -6.025291e-01 -2.614832e+01 -2.569411e-02 9.989776e-01 -3.719488e-02 -3.971575e+00 6.019841e-01 4.516647e-02 7.972297e-01 5.717032e+01
7.940434e-01 -4.490124e-03 -6.078445e-01 -2.680899e+01 -2.469164e-02 9.989091e-01 -3.963425e-02 -4.019298e+00 6.073594e-01 4.647998e-02 7.930663e-01 5.801515e+01
7.896376e-01 -5.883988e-03 -6.135453e-01 -2.748253e+01 -2.381542e-02 9.989066e-01 -4.023028e-02 -4.070618e+00 6.131112e-01 4.637917e-02 7.886340e-01 5.886465e+01
7.851233e-01 -5.698290e-03 -6.193132e-01 -2.815970e+01 -2.355687e-02 9.989593e-01 -3.905521e-02 -4.126091e+00 6.188913e-01 4.525223e-02 7.841721e-01 5.969578e+01
7.801529e-01 -5.230775e-03 -6.255670e-01 -2.884498e+01 -2.393247e-02 9.989835e-01 -3.819965e-02 -4.187294e+00 6.251310e-01 4.477292e-02 7.792347e-01 6.053112e+01
7.747575e-01 -6.527504e-03 -6.322248e-01 -2.954119e+01 -2.367156e-02 9.989461e-01 -3.932200e-02 -4.248257e+00 6.318152e-01 4.543076e-02 7.737865e-01 6.136091e+01
7.692225e-01 -8.108737e-03 -6.389295e-01 -3.024500e+01 -2.299429e-02 9.989205e-01 -4.036080e-02 -4.308387e+00 6.385672e-01 4.573816e-02 7.682057e-01 6.219212e+01
7.635463e-01 -9.127523e-03 -6.456885e-01 -3.095782e+01 -2.273018e-02 9.989006e-01 -4.099969e-02 -4.369134e+00 6.453529e-01 4.598178e-02 7.624994e-01 6.301777e+01
7.578107e-01 -1.050982e-02 -6.523898e-01 -3.167830e+01 -2.224842e-02 9.988726e-01 -4.193515e-02 -4.431688e+00 6.520951e-01 4.629354e-02 7.567225e-01 6.384049e+01
7.515981e-01 -1.253177e-02 -6.595023e-01 -3.241736e+01 -2.142438e-02 9.988282e-01 -4.339578e-02 -4.495389e+00 6.592733e-01 4.674561e-02 7.504489e-01 6.466956e+01
7.453405e-01 -1.321772e-02 -6.665529e-01 -3.316065e+01 -2.063561e-02 9.988670e-01 -4.288227e-02 -4.558237e+00 6.663645e-01 4.571662e-02 7.442233e-01 6.548993e+01
7.390352e-01 -1.353693e-02 -6.735308e-01 -3.390236e+01 -1.966365e-02 9.989386e-01 -4.165317e-02 -4.621788e+00 6.733798e-01 4.402723e-02 7.379846e-01 6.629394e+01
7.325427e-01 -1.349799e-02 -6.805872e-01 -3.467370e+01 -1.927296e-02 9.989913e-01 -4.055710e-02 -4.690830e+00 6.804482e-01 4.282673e-02 7.315437e-01 6.709446e+01
7.260757e-01 -1.543598e-02 -6.874415e-01 -3.545262e+01 -1.787203e-02 9.989866e-01 -4.130792e-02 -4.759468e+00 6.873825e-01 4.227865e-02 7.250640e-01 6.789101e+01
7.194909e-01 -1.708224e-02 -6.942917e-01 -3.625058e+01 -1.775566e-02 9.989182e-01 -4.297733e-02 -4.834985e+00 6.942749e-01 4.324940e-02 7.184093e-01 6.868199e+01
7.133849e-01 -1.644260e-02 -7.005795e-01 -3.705458e+01 -1.919797e-02 9.988909e-01 -4.299285e-02 -4.906233e+00 7.005094e-01 4.412015e-02 7.122780e-01 6.947298e+01
7.078765e-01 -1.558863e-02 -7.061641e-01 -3.787518e+01 -1.972175e-02 9.989304e-01 -4.182105e-02 -4.981378e+00 7.060608e-01 4.353093e-02 7.068120e-01 7.026199e+01
7.028426e-01 -1.503627e-02 -7.111865e-01 -3.869255e+01 -2.087974e-02 9.989097e-01 -4.175424e-02 -5.057858e+00 7.110389e-01 4.419604e-02 7.017623e-01 7.105256e+01
6.978988e-01 -1.609744e-02 -7.160154e-01 -3.951886e+01 -2.079239e-02 9.988706e-01 -4.272289e-02 -5.137328e+00 7.158945e-01 4.470392e-02 6.967759e-01 7.183896e+01
6.926488e-01 -1.780251e-02 -7.210553e-01 -4.035157e+01 -2.147030e-02 9.987434e-01 -4.528296e-02 -5.214173e+00 7.209554e-01 4.684646e-02 6.913962e-01 7.262312e+01
6.875324e-01 -2.030697e-02 -7.258697e-01 -4.119284e+01 -2.112818e-02 9.986262e-01 -4.794991e-02 -5.292359e+00 7.258462e-01 4.830342e-02 6.861589e-01 7.340570e+01
6.824175e-01 -2.114368e-02 -7.306568e-01 -4.204713e+01 -2.154098e-02 9.985657e-01 -4.901522e-02 -5.369497e+00 7.306452e-01 4.918790e-02 6.809833e-01 7.418462e+01
6.774179e-01 -2.029179e-02 -7.353185e-01 -4.291451e+01 -2.142543e-02 9.986510e-01 -4.729704e-02 -5.443967e+00 7.352864e-01 4.779437e-02 6.760693e-01 7.495793e+01
6.722415e-01 -2.004618e-02 -7.400605e-01 -4.378384e+01 -2.098920e-02 9.987154e-01 -4.611819e-02 -5.527046e+00 7.400343e-01 4.653583e-02 6.709572e-01 7.573564e+01
6.671161e-01 -2.124206e-02 -7.446508e-01 -4.465831e+01 -1.993251e-02 9.987265e-01 -4.634697e-02 -5.602316e+00 7.446871e-01 4.576156e-02 6.658432e-01 7.650974e+01
6.622093e-01 -2.216481e-02 -7.489911e-01 -4.553830e+01 -1.912889e-02 9.987366e-01 -4.646803e-02 -5.677124e+00 7.490748e-01 4.509892e-02 6.609486e-01 7.727779e+01
6.576917e-01 -2.323860e-02 -7.529287e-01 -4.643229e+01 -1.800770e-02 9.987533e-01 -4.655573e-02 -5.751800e+00 7.530720e-01 4.417783e-02 6.564533e-01 7.805127e+01
6.537987e-01 -2.382555e-02 -7.562933e-01 -4.733404e+01 -1.710334e-02 9.987834e-01 -4.625018e-02 -5.824835e+00 7.564752e-01 4.317344e-02 6.525958e-01 7.882482e+01
6.498156e-01 -2.593030e-02 -7.596494e-01 -4.823900e+01 -1.455254e-02 9.988103e-01 -4.654242e-02 -5.898424e+00 7.599526e-01 4.129881e-02 6.486652e-01 7.959620e+01
6.455088e-01 -3.066921e-02 -7.631368e-01 -4.915220e+01 -1.116925e-02 9.987075e-01 -4.958406e-02 -5.978524e+00 7.636711e-01 4.053061e-02 6.443320e-01 8.036127e+01
6.404574e-01 -3.548947e-02 -7.671733e-01 -5.007598e+01 -6.858730e-03 9.986275e-01 -5.192241e-02 -6.064360e+00 7.679631e-01 3.851592e-02 6.393350e-01 8.112920e+01
6.339648e-01 -3.935732e-02 -7.723598e-01 -5.100162e+01 -1.638042e-03 9.986336e-01 -5.223215e-02 -6.153399e+00 7.733602e-01 3.437850e-02 6.330341e-01 8.189059e+01
6.255042e-01 -4.266600e-02 -7.790533e-01 -5.194082e+01 2.937217e-03 9.986254e-01 -5.233290e-02 -6.240477e+00 7.802153e-01 3.044620e-02 6.247697e-01 8.264668e+01
6.162967e-01 -4.426734e-02 -7.862689e-01 -5.289570e+01 6.310456e-03 9.986644e-01 -5.127903e-02 -6.326822e+00 7.874888e-01 2.664138e-02 6.157530e-01 8.339659e+01
6.073443e-01 -4.248918e-02 -7.933016e-01 -5.386648e+01 6.689869e-03 9.988068e-01 -4.837433e-02 -6.412013e+00 7.944106e-01 2.407279e-02 6.069040e-01 8.413486e+01
5.981988e-01 -4.203976e-02 -8.002442e-01 -5.484867e+01 6.320427e-03 9.988394e-01 -4.774805e-02 -6.495943e+00 8.013228e-01 2.350495e-02 5.977703e-01 8.486188e+01
5.885635e-01 -4.399805e-02 -8.072529e-01 -5.584158e+01 5.492000e-03 9.987125e-01 -5.042908e-02 -6.577872e+00 8.084324e-01 2.524728e-02 5.880474e-01 8.557728e+01
5.784770e-01 -4.577277e-02 -8.144134e-01 -5.684458e+01 6.190303e-03 9.986419e-01 -5.173007e-02 -6.660712e+00 8.156752e-01 2.488319e-02 5.779747e-01 8.628487e+01
5.684993e-01 -4.744552e-02 -8.213145e-01 -5.785918e+01 6.431293e-03 9.985614e-01 -5.323306e-02 -6.747722e+00 8.226586e-01 2.498085e-02 5.679866e-01 8.698373e+01
5.581987e-01 -4.826769e-02 -8.283022e-01 -5.888092e+01 8.995736e-03 9.985998e-01 -5.212917e-02 -6.837334e+00 8.296586e-01 2.164725e-02 5.578513e-01 8.767629e+01
5.476275e-01 -4.823126e-02 -8.353310e-01 -5.991653e+01 1.046800e-02 9.986540e-01 -5.079877e-02 -6.928351e+00 8.366568e-01 1.907456e-02 5.473953e-01 8.835909e+01
5.371294e-01 -4.842119e-02 -8.421089e-01 -6.096415e+01 1.073061e-02 9.986624e-01 -5.057862e-02 -7.015079e+00 8.434316e-01 1.813092e-02 5.369306e-01 8.902721e+01
5.267133e-01 -4.963826e-02 -8.485925e-01 -6.202188e+01 1.031530e-02 9.985933e-01 -5.200993e-02 -7.102980e+00 8.499805e-01 1.864083e-02 5.264844e-01 8.968383e+01
5.164917e-01 -5.044852e-02 -8.548048e-01 -6.309538e+01 8.987048e-03 9.985274e-01 -5.350052e-02 -7.192800e+00 8.562450e-01 1.995041e-02 5.161845e-01 9.032891e+01
5.064670e-01 -5.110642e-02 -8.607435e-01 -6.417133e+01 7.655844e-03 9.984691e-01 -5.477910e-02 -7.283912e+00 8.622254e-01 2.115409e-02 5.060829e-01 9.095949e+01
4.966546e-01 -5.105676e-02 -8.664453e-01 -6.526817e+01 6.786521e-03 9.984662e-01 -5.494623e-02 -7.374808e+00 8.679218e-01 2.140915e-02 4.962393e-01 9.158512e+01
4.877562e-01 -4.910681e-02 -8.715976e-01 -6.637327e+01 5.825330e-03 9.985774e-01 -5.300109e-02 -7.465671e+00 8.729605e-01 2.077427e-02 4.873484e-01 9.220094e+01
4.796069e-01 -4.700544e-02 -8.762235e-01 -6.748666e+01 6.149553e-03 9.987197e-01 -5.021082e-02 -7.555186e+00 8.774620e-01 1.869307e-02 4.792819e-01 9.280938e+01
4.719319e-01 -4.732563e-02 -8.803639e-01 -6.860646e+01 6.426764e-03 9.987163e-01 -5.024274e-02 -7.643588e+00 8.816116e-01 1.805326e-02 4.716302e-01 9.340826e+01
4.642322e-01 -5.055978e-02 -8.842693e-01 -6.972870e+01 8.322060e-03 9.985743e-01 -5.272640e-02 -7.731317e+00 8.856745e-01 1.711835e-02 4.639911e-01 9.399874e+01
4.570917e-01 -5.386987e-02 -8.877867e-01 -7.085828e+01 1.099739e-02 9.984301e-01 -5.492140e-02 -7.820048e+00 8.893516e-01 1.534078e-02 4.569666e-01 9.458336e+01
4.508577e-01 -5.668127e-02 -8.907943e-01 -7.199157e+01 1.202786e-02 9.982769e-01 -5.743274e-02 -7.914147e+00 8.925148e-01 1.517964e-02 4.507626e-01 9.515810e+01
4.452960e-01 -6.019002e-02 -8.933581e-01 -7.313057e+01 1.382460e-02 9.980812e-01 -6.035486e-02 -8.011910e+00 8.952767e-01 1.452546e-02 4.452737e-01 9.572828e+01
4.404362e-01 -6.118295e-02 -8.956967e-01 -7.426251e+01 1.648406e-02 9.980581e-01 -6.006941e-02 -8.110093e+00 8.976326e-01 1.169203e-02 4.405895e-01 9.628811e+01
4.361561e-01 -5.858994e-02 -8.979616e-01 -7.540274e+01 1.780717e-02 9.982447e-01 -5.648393e-02 -8.209520e+00 8.996949e-01 8.645658e-03 4.364338e-01 9.684446e+01
4.322135e-01 -5.653957e-02 -8.999971e-01 -7.658015e+01 2.112313e-02 9.983934e-01 -5.257689e-02 -8.308009e+00 9.015239e-01 3.713691e-03 4.327134e-01 9.741509e+01
4.288446e-01 -5.587980e-02 -9.016483e-01 -7.767611e+01 2.281072e-02 9.984366e-01 -5.102898e-02 -8.396730e+00 9.030903e-01 1.316265e-03 4.294489e-01 9.793967e+01
4.259122e-01 -5.624384e-02 -9.030146e-01 -7.880716e+01 2.445442e-02 9.984169e-01 -5.065187e-02 -8.486978e+00 9.044340e-01 -5.094444e-04 4.266134e-01 9.847551e+01
4.232849e-01 -5.523644e-02 -9.043112e-01 -7.993532e+01 2.629154e-02 9.984682e-01 -4.868128e-02 -8.574915e+00 9.056151e-01 -3.169679e-03 4.240888e-01 9.900669e+01
4.209215e-01 -5.420603e-02 -9.054760e-01 -8.106306e+01 2.773444e-02 9.985153e-01 -4.688312e-02 -8.661986e+00 9.066730e-01 -5.378750e-03 4.217999e-01 9.953295e+01
4.186668e-01 -5.526254e-02 -9.064569e-01 -8.218012e+01 3.037902e-02 9.984404e-01 -4.683916e-02 -8.741442e+00 9.076317e-01 -7.927263e-03 4.196927e-01 1.000567e+02
4.160303e-01 -5.553146e-02 -9.076536e-01 -8.328006e+01 3.246276e-02 9.984044e-01 -4.620416e-02 -8.827999e+00 9.087711e-01 -1.024260e-02 4.171692e-01 1.005627e+02
4.134067e-01 -5.475406e-02 -9.088987e-01 -8.437076e+01 3.570778e-02 9.983974e-01 -4.390421e-02 -8.914608e+00 9.098461e-01 -1.430446e-02 4.146993e-01 1.010627e+02
4.112317e-01 -5.406871e-02 -9.099258e-01 -8.546189e+01 3.750869e-02 9.983975e-01 -4.237413e-02 -8.996530e+00 9.107588e-01 -1.670453e-02 4.126007e-01 1.015536e+02
4.093026e-01 -5.479425e-02 -9.107519e-01 -8.654683e+01 3.979175e-02 9.983173e-01 -4.217965e-02 -9.072686e+00 9.115306e-01 -1.897616e-02 4.107942e-01 1.020328e+02
4.079197e-01 -5.622149e-02 -9.112852e-01 -8.762037e+01 4.108249e-02 9.982216e-01 -4.319522e-02 -9.149512e+00 9.120931e-01 -1.981767e-02 4.095040e-01 1.025091e+02
4.072736e-01 -5.741360e-02 -9.114998e-01 -8.868276e+01 4.121229e-02 9.981608e-01 -4.445787e-02 -9.227599e+00 9.123759e-01 -1.945848e-02 4.088907e-01 1.029766e+02
4.075927e-01 -5.795142e-02 -9.113231e-01 -8.974022e+01 4.017833e-02 9.981559e-01 -4.550326e-02 -9.305889e+00 9.122795e-01 -1.806864e-02 4.091694e-01 1.034282e+02
4.096552e-01 -5.776576e-02 -9.104097e-01 -9.078632e+01 3.799735e-02 9.982074e-01 -4.623898e-02 -9.383578e+00 9.114488e-01 -1.565111e-02 4.111158e-01 1.038744e+02
4.139154e-01 -5.777102e-02 -9.084803e-01 -9.182278e+01 3.564327e-02 9.982474e-01 -4.723986e-02 -9.462617e+00 9.096173e-01 -1.282790e-02 4.152491e-01 1.043271e+02
4.190585e-01 -5.806051e-02 -9.061009e-01 -9.285032e+01 3.396838e-02 9.982572e-01 -4.825577e-02 -9.540419e+00 9.073236e-01 -1.055678e-02 4.203004e-01 1.047844e+02
4.248597e-01 -5.821256e-02 -9.033856e-01 -9.387053e+01 3.328904e-02 9.982600e-01 -4.867036e-02 -9.609312e+00 9.046470e-01 -9.394764e-03 4.260582e-01 1.052557e+02
4.318136e-01 -5.709458e-02 -9.001540e-01 -9.488237e+01 3.225411e-02 9.983336e-01 -4.784925e-02 -9.680288e+00 9.013860e-01 -8.371707e-03 4.329355e-01 1.057334e+02
4.399854e-01 -5.549092e-02 -8.962888e-01 -9.588621e+01 3.065506e-02 9.984353e-01 -4.676655e-02 -9.749076e+00 8.974816e-01 -6.899180e-03 4.409981e-01 1.062164e+02
4.488454e-01 -5.517551e-02 -8.919044e-01 -9.688157e+01 3.026825e-02 9.984580e-01 -4.653489e-02 -9.818909e+00 8.930967e-01 -6.109403e-03 4.498233e-01 1.067096e+02
4.583543e-01 -5.470388e-02 -8.870844e-01 -9.786840e+01 2.959346e-02 9.984899e-01 -4.628307e-02 -9.886761e+00 8.882767e-01 -5.037850e-03 4.592811e-01 1.072111e+02
4.681770e-01 -5.512405e-02 -8.819136e-01 -9.884290e+01 2.851588e-02 9.984749e-01 -4.727166e-02 -9.958087e+00 8.831745e-01 -3.017038e-03 4.690349e-01 1.077189e+02
4.786921e-01 -5.678936e-02 -8.761443e-01 -9.980583e+01 2.678003e-02 9.983860e-01 -5.008117e-02 -1.002675e+01 8.775744e-01 5.102926e-04 4.794403e-01 1.082398e+02
4.900937e-01 -5.746268e-02 -8.697736e-01 -1.007547e+02 2.497006e-02 9.983407e-01 -5.188669e-02 -1.009360e+01 8.713120e-01 3.711045e-03 4.907154e-01 1.087790e+02
5.023364e-01 -5.599002e-02 -8.628576e-01 -1.016995e+02 2.292463e-02 9.984129e-01 -5.143988e-02 -1.015566e+01 8.643683e-01 6.059441e-03 5.028227e-01 1.093330e+02
5.152097e-01 -5.315552e-02 -8.554142e-01 -1.026360e+02 2.128305e-02 9.985606e-01 -4.923204e-02 -1.021665e+01 8.567999e-01 7.159000e-03 5.155994e-01 1.099002e+02
5.277749e-01 -5.081668e-02 -8.478628e-01 -1.035604e+02 2.039561e-02 9.986791e-01 -4.716007e-02 -1.027636e+01 8.491394e-01 7.597224e-03 5.281142e-01 1.104797e+02
5.396874e-01 -5.040390e-02 -8.403553e-01 -1.044750e+02 2.077497e-02 9.986994e-01 -4.655932e-02 -1.032552e+01 8.416092e-01 7.669122e-03 5.400326e-01 1.110646e+02
5.512438e-01 -5.094885e-02 -8.327871e-01 -1.053784e+02 2.099405e-02 9.986648e-01 -4.720052e-02 -1.037734e+01 8.340800e-01 8.535420e-03 5.515774e-01 1.116592e+02
5.624291e-01 -5.175227e-02 -8.252243e-01 -1.062592e+02 2.137600e-02 9.986158e-01 -4.805743e-02 -1.042733e+01 8.265692e-01 9.388904e-03 5.627568e-01 1.122557e+02
5.735172e-01 -5.312901e-02 -8.174688e-01 -1.071244e+02 2.315143e-02 9.985473e-01 -4.865518e-02 -1.048384e+01 8.188663e-01 8.979010e-03 5.739141e-01 1.128599e+02
5.843075e-01 -5.366822e-02 -8.097558e-01 -1.079760e+02 2.417163e-02 9.985191e-01 -4.873702e-02 -1.053886e+01 8.111723e-01 8.904287e-03 5.847395e-01 1.134723e+02
5.951811e-01 -5.121604e-02 -8.019578e-01 -1.088156e+02 2.304136e-02 9.986442e-01 -4.667680e-02 -1.059968e+01 8.032612e-01 9.302959e-03 5.955543e-01 1.140873e+02
6.052642e-01 -4.844117e-02 -7.945493e-01 -1.096406e+02 2.329405e-02 9.987970e-01 -4.314880e-02 -1.065546e+01 7.956838e-01 7.608155e-03 6.056645e-01 1.147106e+02
6.153476e-01 -4.667761e-02 -7.868726e-01 -1.104479e+02 2.193382e-02 9.988725e-01 -4.210092e-02 -1.071449e+01 7.879507e-01 8.647581e-03 6.156777e-01 1.153330e+02
6.256110e-01 -4.603175e-02 -7.787760e-01 -1.112427e+02 1.999751e-02 9.988759e-01 -4.297687e-02 -1.076967e+01 7.798789e-01 1.131322e-02 6.258282e-01 1.159602e+02
6.352746e-01 -4.586128e-02 -7.709234e-01 -1.120216e+02 1.832673e-02 9.988493e-01 -4.431830e-02 -1.082745e+01 7.720689e-01 1.402579e-02 6.353841e-01 1.165904e+02
6.446320e-01 -4.556259e-02 -7.631341e-01 -1.127849e+02 1.810481e-02 9.988523e-01 -4.434261e-02 -1.088440e+01 7.642787e-01 1.476827e-02 6.447171e-01 1.172256e+02
6.539294e-01 -4.355499e-02 -7.553008e-01 -1.135420e+02 1.795909e-02 9.989538e-01 -4.205669e-02 -1.094072e+01 7.563424e-01 1.393759e-02 6.540275e-01 1.178586e+02
6.627892e-01 -4.156585e-02 -7.476515e-01 -1.142854e+02 1.771950e-02 9.990492e-01 -3.983412e-02 -1.099692e+01 7.485964e-01 1.315362e-02 6.628955e-01 1.184946e+02
6.711328e-01 -4.096189e-02 -7.402046e-01 -1.150150e+02 1.832210e-02 9.990838e-01 -3.867553e-02 -1.105074e+01 7.411107e-01 1.239431e-02 6.712685e-01 1.191327e+02
6.790069e-01 -4.041487e-02 -7.330186e-01 -1.157305e+02 1.725344e-02 9.990862e-01 -3.910235e-02 -1.110434e+01 7.339292e-01 1.390367e-02 6.790837e-01 1.197729e+02
6.866300e-01 -3.934016e-02 -7.259419e-01 -1.164343e+02 1.654401e-02 9.991218e-01 -3.849619e-02 -1.115559e+01 7.268188e-01 1.442265e-02 6.866778e-01 1.204136e+02
6.940511e-01 -3.716524e-02 -7.189658e-01 -1.171234e+02 1.591975e-02 9.992147e-01 -3.628398e-02 -1.120384e+01 7.197497e-01 1.373718e-02 6.940977e-01 1.210568e+02
7.019590e-01 -3.415441e-02 -7.113979e-01 -1.177905e+02 1.490303e-02 9.993352e-01 -3.327307e-02 -1.124261e+01 7.120614e-01 1.275435e-02 7.020014e-01 1.216885e+02
7.095204e-01 -3.197352e-02 -7.039592e-01 -1.184457e+02 1.340608e-02 9.994018e-01 -3.188042e-02 -1.128508e+01 7.045574e-01 1.318247e-02 7.095246e-01 1.223238e+02
7.174647e-01 -3.178964e-02 -6.958691e-01 -1.190789e+02 1.320678e-02 9.993993e-01 -3.203928e-02 -1.132614e+01 6.964697e-01 1.379686e-02 7.174536e-01 1.229483e+02
7.256900e-01 -2.896043e-02 -6.874120e-01 -1.197016e+02 1.057531e-02 9.994652e-01 -3.094294e-02 -1.136777e+01 6.879406e-01 1.518538e-02 7.256082e-01 1.235775e+02
7.348171e-01 -2.580783e-02 -6.777742e-01 -1.203051e+02 9.460201e-03 9.995686e-01 -2.780453e-02 -1.140579e+01 6.781994e-01 1.401936e-02 7.347442e-01 1.242110e+02
7.443270e-01 -2.213196e-02 -6.674484e-01 -1.208956e+02 7.719389e-03 9.996690e-01 -2.453955e-02 -1.144246e+01 6.677707e-01 1.311316e-02 7.442516e-01 1.248571e+02
7.547535e-01 -2.039380e-02 -6.556914e-01 -1.214729e+02 6.117148e-03 9.996920e-01 -2.405184e-02 -1.147772e+01 6.559800e-01 1.414225e-02 7.546458e-01 1.255059e+02
7.647006e-01 -1.960252e-02 -6.440875e-01 -1.220228e+02 4.656869e-03 9.996792e-01 -2.489588e-02 -1.151095e+01 6.443689e-01 1.603846e-02 7.645466e-01 1.261435e+02
7.746034e-01 -2.018036e-02 -6.321253e-01 -1.225640e+02 4.578040e-03 9.996435e-01 -2.630334e-02 -1.154304e+01 6.324308e-01 1.748076e-02 7.744196e-01 1.267939e+02
7.846071e-01 -2.075187e-02 -6.196459e-01 -1.230910e+02 4.942859e-03 9.996173e-01 -2.721834e-02 -1.157569e+01 6.199736e-01 1.829288e-02 7.844094e-01 1.274499e+02
7.948394e-01 -1.834724e-02 -6.065424e-01 -1.236107e+02 4.025130e-03 9.996802e-01 -2.496453e-02 -1.160825e+01 6.068065e-01 1.740138e-02 7.946591e-01 1.281154e+02
8.050896e-01 -1.614937e-02 -5.929333e-01 -1.241152e+02 3.688719e-03 9.997463e-01 -2.222092e-02 -1.163984e+01 5.931417e-01 1.570267e-02 8.049449e-01 1.287847e+02
8.148581e-01 -1.492357e-02 -5.794684e-01 -1.246090e+02 4.098955e-03 9.997919e-01 -1.998452e-02 -1.167018e+01 5.796460e-01 1.390933e-02 8.147497e-01 1.294645e+02
8.240620e-01 -1.381468e-02 -5.663311e-01 -1.250882e+02 4.893593e-03 9.998389e-01 -1.726876e-02 -1.170293e+01 5.664785e-01 1.145913e-02 8.239969e-01 1.301548e+02
8.323700e-01 -1.296992e-02 -5.540686e-01 -1.255569e+02 5.316225e-03 9.998670e-01 -1.541890e-02 -1.173561e+01 5.541949e-01 9.888676e-03 8.323282e-01 1.308488e+02
8.396772e-01 -1.327468e-02 -5.429235e-01 -1.260103e+02 6.847246e-03 9.998805e-01 -1.385761e-02 -1.177774e+01 5.430427e-01 7.918387e-03 8.396678e-01 1.315496e+02
8.464589e-01 -1.351566e-02 -5.322824e-01 -1.264556e+02 7.459736e-03 9.998807e-01 -1.352606e-02 -1.180813e+01 5.324018e-01 7.478573e-03 8.464588e-01 1.322593e+02
8.533775e-01 -1.258659e-02 -5.211414e-01 -1.269007e+02 6.571248e-03 9.998887e-01 -1.338875e-02 -1.183797e+01 5.212520e-01 8.001112e-03 8.533653e-01 1.329864e+02
8.600178e-01 -1.100492e-02 -5.101454e-01 -1.273259e+02 5.286332e-03 9.999059e-01 -1.265824e-02 -1.186483e+01 5.102367e-01 8.189516e-03 8.599950e-01 1.336942e+02
8.663899e-01 -9.696004e-03 -4.992740e-01 -1.277507e+02 4.221191e-03 9.999179e-01 -1.209359e-02 -1.189333e+01 4.993503e-01 8.370232e-03 8.663598e-01 1.344241e+02
8.723606e-01 -1.034370e-02 -4.887535e-01 -1.281662e+02 4.966989e-03 9.999120e-01 -1.229615e-02 -1.191791e+01 4.888377e-01 8.299043e-03 8.723353e-01 1.351627e+02
8.775617e-01 -1.177845e-02 -4.793190e-01 -1.285745e+02 6.211317e-03 9.998936e-01 -1.319869e-02 -1.193811e+01 4.794234e-01 8.605460e-03 8.775415e-01 1.359153e+02
8.820099e-01 -1.260976e-02 -4.710621e-01 -1.289796e+02 6.856647e-03 9.998795e-01 -1.392727e-02 -1.195018e+01 4.711810e-01 9.054083e-03 8.819901e-01 1.366699e+02
8.855067e-01 -1.185366e-02 -4.644754e-01 -1.293903e+02 6.350882e-03 9.998899e-01 -1.340999e-02 -1.196483e+01 4.645832e-01 8.924811e-03 8.854845e-01 1.374388e+02
8.887377e-01 -1.024149e-02 -4.583016e-01 -1.297992e+02 6.307207e-03 9.999289e-01 -1.011410e-02 -1.197619e+01 4.583726e-01 6.098182e-03 8.887392e-01 1.382215e+02
8.919360e-01 -6.212235e-03 -4.521190e-01 -1.302152e+02 4.120608e-03 9.999757e-01 -5.610840e-03 -1.198969e+01 4.521429e-01 3.141507e-03 8.919400e-01 1.390168e+02
8.952692e-01 -3.109988e-03 -4.455148e-01 -1.306247e+02 2.152844e-03 9.999941e-01 -2.654447e-03 -1.199943e+01 4.455205e-01 1.417323e-03 8.952706e-01 1.398168e+02
8.985310e-01 -8.521526e-04 -4.389091e-01 -1.310349e+02 5.107788e-04 9.999994e-01 -8.958609e-04 -1.200769e+01 4.389097e-01 5.807753e-04 8.985310e-01 1.406304e+02
9.018299e-01 1.265615e-03 -4.320894e-01 -1.314426e+02 -7.282272e-04 9.999987e-01 1.409146e-03 -1.201240e+01 4.320907e-01 -9.561481e-04 9.018297e-01 1.414623e+02
9.051450e-01 2.656961e-03 -4.250946e-01 -1.318502e+02 -9.834504e-04 9.999909e-01 4.156186e-03 -1.201698e+01 4.251018e-01 -3.343889e-03 9.051394e-01 1.423079e+02
9.085700e-01 2.657663e-03 -4.177243e-01 -1.322539e+02 5.308222e-06 9.999797e-01 6.373661e-03 -1.201933e+01 4.177328e-01 -5.793131e-03 9.085515e-01 1.431680e+02
9.121360e-01 2.373924e-03 -4.098808e-01 -1.326563e+02 6.577650e-04 9.999734e-01 7.255360e-03 -1.202112e+01 4.098871e-01 -6.887477e-03 9.121103e-01 1.440415e+02
9.158194e-01 1.804681e-03 -4.015863e-01 -1.330539e+02 1.170635e-03 9.999736e-01 7.163401e-03 -1.202274e+01 4.015886e-01 -7.030489e-03 9.157932e-01 1.449288e+02
9.196830e-01 -8.858128e-04 -3.926607e-01 -1.334442e+02 3.786082e-03 9.999709e-01 6.611834e-03 -1.202321e+01 3.926435e-01 -7.567434e-03 9.196596e-01 1.458318e+02
9.237461e-01 -2.419590e-03 -3.829978e-01 -1.338322e+02 4.893411e-03 9.999730e-01 5.485000e-03 -1.202503e+01 3.829742e-01 -6.940910e-03 9.237330e-01 1.467482e+02
9.282909e-01 -3.651010e-03 -3.718368e-01 -1.342211e+02 5.282377e-03 9.999803e-01 3.368800e-03 -1.202922e+01 3.718173e-01 -5.091406e-03 9.282920e-01 1.476967e+02
9.333695e-01 -2.591909e-03 -3.589076e-01 -1.345894e+02 3.557208e-03 9.999916e-01 2.029220e-03 -1.203712e+01 3.588994e-01 -3.170718e-03 9.333709e-01 1.486265e+02
9.394995e-01 1.165693e-03 -3.425482e-01 -1.349441e+02 -1.171002e-05 9.999943e-01 3.370868e-03 -1.205065e+01 3.425502e-01 -3.162915e-03 9.394942e-01 1.495973e+02
9.460789e-01 5.301932e-03 -3.238928e-01 -1.352860e+02 -3.340965e-03 9.999725e-01 6.610121e-03 -1.206100e+01 3.239190e-01 -5.171579e-03 9.460707e-01 1.505851e+02
9.527436e-01 8.287088e-03 -3.036627e-01 -1.356069e+02 -6.125921e-03 9.999487e-01 8.068928e-03 -1.207054e+01 3.037140e-01 -5.827403e-03 9.527454e-01 1.515955e+02
9.592679e-01 1.008173e-02 -2.823180e-01 -1.359116e+02 -7.813793e-03 9.999275e-01 9.158056e-03 -1.207541e+01 2.823899e-01 -6.579052e-03 9.592772e-01 1.526125e+02
9.653823e-01 1.132090e-02 -2.605933e-01 -1.361882e+02 -8.917047e-03 9.999061e-01 1.040504e-02 -1.208576e+01 2.606866e-01 -7.721111e-03 9.653926e-01 1.536548e+02
9.710369e-01 1.176226e-02 -2.386398e-01 -1.364469e+02 -9.009547e-03 9.998797e-01 1.262258e-02 -1.209323e+01 2.387596e-01 -1.010695e-02 9.710261e-01 1.547167e+02
9.762270e-01 1.398964e-02 -2.162988e-01 -1.366825e+02 -1.071765e-02 9.998098e-01 1.629286e-02 -1.209908e+01 2.164856e-01 -1.358731e-02 9.761913e-01 1.557900e+02
9.809216e-01 1.570219e-02 -1.937687e-01 -1.369024e+02 -1.199638e-02 9.997223e-01 2.028362e-02 -1.209800e+01 1.940334e-01 -1.757211e-02 9.808375e-01 1.568857e+02
9.851399e-01 1.770171e-02 -1.708390e-01 -1.370941e+02 -1.381150e-02 9.996181e-01 2.393300e-02 -1.209538e+01 1.711974e-01 -2.121781e-02 9.850083e-01 1.579996e+02
9.887447e-01 1.941421e-02 -1.483477e-01 -1.372667e+02 -1.602639e-02 9.995835e-01 2.399850e-02 -1.208864e+01 1.487519e-01 -2.135090e-02 9.886440e-01 1.591246e+02
9.918466e-01 1.853543e-02 -1.260828e-01 -1.374145e+02 -1.592588e-02 9.996382e-01 2.167388e-02 -1.208012e+01 1.264389e-01 -1.948918e-02 9.917829e-01 1.602678e+02
9.943196e-01 1.834331e-02 -1.048430e-01 -1.375360e+02 -1.629397e-02 9.996597e-01 2.037012e-02 -1.206524e+01 1.051810e-01 -1.854610e-02 9.942801e-01 1.614249e+02
9.963072e-01 1.696644e-02 -8.416713e-02 -1.376386e+02 -1.515296e-02 9.996400e-01 2.213848e-02 -1.205149e+01 8.451245e-02 -2.078134e-02 9.962057e-01 1.626009e+02
9.978084e-01 1.753761e-02 -6.380288e-02 -1.377162e+02 -1.601578e-02 9.995767e-01 2.428577e-02 -1.203634e+01 6.420179e-02 -2.321069e-02 9.976670e-01 1.637972e+02
9.989010e-01 1.785651e-02 -4.333555e-02 -1.377702e+02 -1.677138e-02 9.995398e-01 2.527609e-02 -1.201731e+01 4.376695e-02 -2.452151e-02 9.987408e-01 1.649998e+02
9.995661e-01 1.896885e-02 -2.253504e-02 -1.378015e+02 -1.838246e-02 9.994942e-01 2.594959e-02 -1.199947e+01 2.301588e-02 -2.552407e-02 9.994092e-01 1.662283e+02
9.998103e-01 1.941023e-02 -1.632394e-03 -1.378118e+02 -1.935948e-02 9.994524e-01 2.683354e-02 -1.198516e+01 2.152346e-03 -2.679684e-02 9.996386e-01 1.674517e+02
9.995868e-01 2.149296e-02 1.908533e-02 -1.377975e+02 -2.198173e-02 9.994259e-01 2.577998e-02 -1.197241e+01 -1.852029e-02 -2.618886e-02 9.994854e-01 1.686920e+02
9.989610e-01 2.279405e-02 3.946242e-02 -1.377602e+02 -2.378432e-02 9.994092e-01 2.480885e-02 -1.196079e+01 -3.887361e-02 -2.572166e-02 9.989130e-01 1.699379e+02
9.979831e-01 2.273207e-02 5.927055e-02 -1.376931e+02 -2.408569e-02 9.994628e-01 2.222441e-02 -1.195174e+01 -5.873350e-02 -2.360716e-02 9.979945e-01 1.711903e+02
9.965962e-01 2.487978e-02 7.859357e-02 -1.376033e+02 -2.651453e-02 9.994518e-01 1.982513e-02 -1.194187e+01 -7.805724e-02 -2.184152e-02 9.967096e-01 1.724609e+02
9.948688e-01 2.493686e-02 9.805253e-02 -1.374876e+02 -2.683260e-02 9.994767e-01 1.806282e-02 -1.193709e+01 -9.755080e-02 -2.060114e-02 9.950173e-01 1.737397e+02
9.927796e-01 2.515475e-02 1.172857e-01 -1.373423e+02 -2.709059e-02 9.995213e-01 1.494018e-02 -1.194306e+01 -1.168537e-01 -1.800964e-02 9.929858e-01 1.750193e+02
9.903387e-01 2.628986e-02 1.361549e-01 -1.371760e+02 -2.785918e-02 9.995654e-01 9.633054e-03 -1.195029e+01 -1.358424e-01 -1.333315e-02 9.906407e-01 1.763073e+02
9.876246e-01 2.770974e-02 1.543689e-01 -1.369802e+02 -2.855622e-02 9.995868e-01 3.268298e-03 -1.196497e+01 -1.542146e-01 -7.636044e-03 9.880079e-01 1.776055e+02
9.846194e-01 2.980310e-02 1.721526e-01 -1.367646e+02 -2.985780e-02 9.995515e-01 -2.272270e-03 -1.198376e+01 -1.721431e-01 -2.902776e-03 9.850677e-01 1.789113e+02
9.812808e-01 3.197000e-02 1.899104e-01 -1.365221e+02 -3.138665e-02 9.994888e-01 -6.079436e-03 -1.201144e+01 -1.900077e-01 4.982182e-06 9.817826e-01 1.802277e+02
